   3.9175740e-01   8.4209490e-01   4.7454119e-01   4.5225255e-02  -7.3536500e-02   3.8510826e-01  -1.5858797e+00   4.9136257e-01
   3.4286442e-01  -7.0092008e-02  -1.0124387e+00   1.2626563e+00   2.8899997e-01  -2.1323068e-01  -1.7242415e-01   1.0485607e+00
   8.0585426e-01   2.4105808e-01  -2.1114814e-01  -3.1682757e-01  -4.1758913e-01  -5.3101790e-01   3.0555075e-01   1.6117706e+00
   4.4359508e-01   2.9720759e-01  -1.3287085e-01  -2.5280437e-02   8.4953171e-01  -1.1930301e+00  -1.0311363e+00  -6.9880646e-01
   5.5319369e-01  -6.5554060e-02   9.1082782e-01  -4.1722122e-01   5.8645850e-01  -2.8466123e-01  -1.4319277e-01   1.4968396e+00
  -2.4618493e-01  -7.2583383e-01   1.2510469e+00   4.4909698e-01   7.6144284e-01  -1.5690395e-01   3.4775418e-01  -9.5937723e-01
   2.3328470e-01   6.6276056e-01  -5.8225483e-01  -4.8641872e-01   6.1465389e-01   7.0732713e-01   1.2867748e+00  -6.2992227e-01
  -4.8963207e-01  -1.4679590e+00   6.9612372e-01   1.1227807e-01  -5.1148963e-01   6.2341946e-01   6.5971482e-01   1.5054743e-01
  -3.9578545e-01   9.5071179e-01  -8.9239746e-01   7.3659286e-02   9.8042434e-01  -1.1439452e-01   2.6754224e-01  -1.0448947e+00
  -1.2471670e-01  -3.0269095e-01   3.7866858e-01   5.1595581e-01   5.6014872e-01   9.3792689e-01  -1.2142109e+00   9.0301824e-01
   3.6058775e-01  -1.4612532e-01   7.0593035e-01   9.7220093e-01   5.9021580e-01  -1.2822287e+00  -1.2505156e-01  -6.3008630e-01
  -5.7794040e-01  -3.3932549e-01   6.0845596e-01  -6.4772023e-03  -9.4877481e-01  -4.0955791e-01   1.0513142e+00   1.0036978e+00
  -1.1228305e+00  -2.4546552e-01  -2.9832757e-01  -3.8053549e-03   1.5358317e-01   3.0313775e-02   1.1520429e+00   1.1127781e+00
   7.2065002e-01   7.0768404e-01   6.3559130e-02   9.8633075e-01   7.8954720e-01   1.8809289e-01   1.0250356e+00  -5.4175371e-01
  -2.4001051e-01   6.8800408e-01   8.2735723e-01   1.3445272e+00  -6.7236848e-02  -7.2136752e-02   5.9391797e-01  -7.8377837e-01
   8.0255312e-01  -1.1082140e+00  -2.9487845e-01  -4.0413925e-01   9.7937971e-01   1.4360628e-01  -9.4726855e-01  -1.9060353e-02
   8.4452158e-01  -4.6144515e-01  -2.6179302e-01   2.8310245e-01  -1.1230406e+00   9.1931379e-01  -6.9006360e-01  -5.8534032e-01
   6.1987555e-01  -1.2052454e-01  -1.5299298e+00   4.4185045e-01   8.5757637e-01   5.2991134e-01  -1.2255871e-01   1.8451957e-01
   1.3115428e-01   5.2136648e-01   1.4428016e+00   7.8243339e-01   1.0885383e-01   1.5382233e-01   1.2319481e-01   9.8306125e-01
   3.0295384e-01   3.6951241e-01  -1.9713023e-01   1.2244111e+00   4.8672310e-01  -2.4439480e-02  -2.1912679e-01  -1.3957520e+00
   8.5233730e-01   6.3689435e-01  -2.1498568e-01   6.2700665e-01  -1.0268042e+00   7.4181086e-01  -8.0495572e-01   4.1948369e-01
   3.9654714e-01   1.0463928e+00   4.6427873e-01   9.3624741e-01   5.1218271e-01   1.0469358e+00   1.2481579e-02   5.4510278e-01
  -7.2577882e-01  -4.4719374e-01   6.7025435e-01  -6.9762069e-01  -4.8024032e-01   9.1733003e-01  -1.0946479e+00  -2.5878230e-01
  -6.7812330e-01   6.7330343e-01  -6.7560583e-01   1.3648497e-01   6.6466427e-01  -1.4674681e+00  -2.6001474e-02  -1.2578748e-01
   4.7196004e-01   1.5490013e+00  -8.0036426e-01  -3.4135103e-01  -6.3265222e-01   4.2973226e-01  -4.7943722e-03  -1.8921818e-01
   7.8011197e-01   3.4612107e-01  -2.9466444e-01  -4.8603252e-01   1.6318804e+00  -2.2103518e-01   1.3990310e-01   4.6594840e-01
   1.0833695e+00  -7.3157430e-01   3.4814289e-01   5.8485353e-01   5.7370883e-01   1.3479602e-01   4.3225539e-01  -1.1374075e+00
  -1.3580333e-02  -2.6636550e-01   3.5855293e-01   2.0091575e-01  -1.0097677e+00   4.5756310e-02  -6.8653131e-01  -1.5056188e+00
  -9.7159468e-02  -3.6427298e-01  -5.1545117e-02   7.9254669e-01  -1.0957377e+00   5.8729135e-02   1.4222257e+00   1.6195469e-02
  -2.7751338e-01  -1.5049993e+00   2.5474507e-01   1.1689175e-03   2.3331265e-01   3.7973848e-01   3.2048661e-01  -1.1365385e+00
   1.1072025e+00   8.1823885e-01  -6.6372281e-01   6.1488575e-01   1.1163916e-01   4.9307662e-01  -6.5595075e-02   1.0129585e+00
   7.9515684e-01   5.4286802e-01  -2.7084610e-01  -3.8804370e-03  -1.3625320e+00  -5.2147042e-02   1.3145857e-01  -1.0597891e+00
   1.4221547e+00  -1.7210753e-01   1.3409820e+00   2.0058926e-02  -2.1584691e-01   1.9972536e-01   2.4692701e-01  -4.2042077e-02
  -2.5379679e-01   1.5290096e+00  -4.5768404e-01  -8.8382936e-01   7.0852864e-01   7.8008428e-02   3.0431753e-01   7.9876006e-02
   4.1859549e-01  -1.7244260e-01   8.0361599e-01   1.2623717e+00  -8.9950554e-02   1.1346053e+00  -4.9470925e-01   1.2451165e-01
   1.0595962e+00   7.1619135e-01   6.4176649e-01  -4.0785569e-01   6.7458999e-01   6.6286665e-01   4.6812040e-01   8.2007009e-01
   1.1996518e+00   1.4090859e+00  -3.0328599e-01  -3.9074771e-02   5.2994406e-01   1.4666194e-01   4.1374993e-01  -9.0906821e-02
  -4.8876140e-02   2.3739442e-01   1.2743144e+00  -9.1143376e-01  -7.6777023e-01   5.7197380e-01   3.4345990e-01   6.7236620e-01
   1.3365340e+00  -9.9596423e-01  -6.3134974e-01   6.3273489e-01  -1.7612419e-01   1.6217852e-01   5.4891002e-01  -2.5328285e-01
   1.5339388e+00   7.1829695e-01   5.5689536e-02  -1.3177888e-01   5.0091624e-01   7.8166798e-02  -9.1508621e-01   1.2729679e-01
  -9.1304666e-01   5.5806929e-01  -3.8917807e-01  -2.7656717e-02   4.6132740e-01  -1.0904006e-01  -1.4331812e+00  -6.5112168e-01
  -3.4999661e-02   1.2815205e+00   4.7096553e-01  -1.0166510e+00  -5.1880926e-01  -3.5231632e-01   3.5732970e-01  -7.6165491e-01
   2.5538671e-01  -7.2381413e-01   9.0692693e-01   1.0173213e+00  -1.3957663e-01   8.3244914e-01   6.0903913e-01  -6.8558687e-01
  -2.6253170e-01   8.6979067e-01  -6.4616895e-01   5.5375904e-01  -2.0880952e-02   1.5377468e+00   2.5083569e-01   1.4946140e-01
   1.0997784e+00   9.0017903e-01   8.0096579e-01  -6.8050340e-02   8.7277345e-02   1.0383240e+00  -1.4590877e-01  -4.7640812e-01
  -3.2922837e-01   1.0851675e+00   9.7926241e-01  -8.0752510e-01   5.9845966e-01   7.1020591e-01   3.0720758e-01  -3.8215885e-01
  -1.0432189e+00   5.4321527e-01  -2.9850614e-01  -1.1216602e-01   8.0006301e-01   9.2256904e-01   9.9446422e-01   1.8636225e-01
   2.5185382e-01   7.4780637e-01   1.6693507e+00   2.5961801e-01   5.0923828e-02   3.1582251e-01   5.0811541e-01  -4.0336558e-01
  -9.4193631e-01  -2.4907520e-01  -9.1205353e-01   1.2551492e+00  -4.5159045e-01  -3.6964732e-01  -2.5849888e-01   4.8588222e-01
  -1.2930826e+00   5.7359886e-01   1.1073101e-01   7.4017948e-01   9.9005771e-01  -2.1610504e-01   5.2142251e-01  -3.7416264e-01
  -7.6884222e-01   8.3720043e-02   2.2509465e-01   1.1357809e+00   6.3049889e-01   1.1553682e+00   4.1484013e-01  -3.9586580e-01
   1.4961592e+00   1.7445371e-01  -4.5126429e-01   1.6849717e-01   4.8135647e-01  -7.7120697e-01   2.6020500e-01  -7.7773494e-01
  -5.1564008e-01   6.1081028e-01   6.4561665e-01  -1.3698362e-01  -1.1245908e-01  -8.2686645e-01   3.6449662e-01   1.4478354e+00
  -5.6792188e-01   2.6312745e-01   1.5042802e+00  -1.1619808e-02   8.9181954e-01  -2.9058707e-01  -2.9130071e-01   6.1692476e-01
  -5.7093664e-03  -9.1991864e-02   1.6060528e-01  -5.8447212e-01  -4.2698947e-01   1.1360055e+00  -8.3628023e-01   1.2049524e+00
   1.3445309e-01   5.2123559e-01   1.0090680e+00   8.7049180e-01  -6.8543327e-01  -8.4631628e-01   7.5644082e-01   4.1951042e-01
   4.8284821e-02   1.5887576e+00   8.4891278e-01  -1.3685651e-01  -4.5436135e-01   4.5509151e-01   4.3997455e-01   3.5637701e-01
   6.2641099e-02  -1.7293054e-01  -3.8857004e-01   1.2380575e-01  -3.1331649e-01   7.6375622e-01  -1.7115155e+00  -4.3483362e-01
   8.5656345e-01   6.7701787e-01  -1.2030157e-01   1.1400120e+00   5.4686970e-01  -7.8311628e-01  -5.7175452e-01   5.0458437e-01
   9.8129147e-01  -1.0920602e+00  -2.9237279e-01   4.5242205e-01  -4.6219254e-01   3.2793909e-01  -5.5644487e-04   1.1104673e+00
   1.0897901e+00  -4.7780275e-01  -2.4895461e-01   4.0402201e-01   5.8473700e-01   9.2422831e-01   7.6508754e-01   7.5985241e-01
   9.5094883e-01  -1.9419885e-01   1.5170801e-01  -7.6390016e-01  -3.5436249e-01   8.7306488e-01   4.5479316e-01   1.1648058e+00
   1.6692483e+00   2.3188199e-01  -1.7784920e-01  -5.7237667e-01   1.0037764e-01   6.7940140e-01   4.9125552e-01  -2.9597551e-01
   4.7606128e-01  -3.8289928e-01   1.2883691e+00  -8.8390255e-01   4.5851758e-01  -5.3391385e-01  -8.1032121e-01   1.8344498e-01
