   1.6720945e-01   9.6925682e-01  -2.4515174e-01  -8.0977011e-01  -9.2738554e-02  -3.8587227e-01   1.2862355e+00   7.0013589e-01  -1.3109431e+00   3.8974547e-01   1.4216019e-01   5.3987873e-01   2.6158506e-01  -8.7412047e-01
   1.6395770e-02   8.2942939e-01   1.3338639e+00   1.2826765e+00   7.9361951e-01   6.3819563e-01   2.8278437e-01  -5.8669949e-01   2.1635337e-02  -3.8604578e-01  -5.9129071e-01   5.0198644e-01  -2.7638206e-01   7.7363831e-01
   3.1721133e-01   9.4954836e-01  -3.8667747e-01  -1.3557415e+00   9.7233367e-01  -1.8861685e-02   9.5789677e-01  -1.1482098e+00  -5.5858254e-01  -4.8969257e-01   1.4612606e-01  -3.7910029e-01   2.2995253e-01   2.4223676e-01
   4.0499657e-01   7.5629765e-01   1.2475144e+00   9.2194922e-02   2.9301220e-01   1.2177007e+00   2.5942296e-01   1.1045821e+00  -1.4774075e-01  -1.8492424e-01   1.0964065e+00   3.1934607e-01   2.9288717e-02  -6.9438899e-01
  -8.6952549e-01   8.9467645e-01   7.2592425e-01  -4.8847413e-01   7.6011889e-02   8.6738664e-01   1.0523473e-01   2.2530553e-01   2.5824827e-01  -3.6141065e-01  -1.4284452e+00   8.3208776e-01   9.6186829e-01  -5.1046636e-02
  -2.1024317e-01   1.0701170e-01  -1.3120171e+00   4.2489126e-01   4.1253516e-01  -1.1299386e+00  -3.9927498e-01   1.5646866e-02  -7.0125514e-01   1.2883861e+00  -5.5290848e-02  -3.1664309e-01   1.7161731e-01  -1.0730069e+00
   2.0046304e-01   2.2152451e-01  -6.1127764e-01   1.2723254e+00  -4.3330601e-01   7.1247518e-01  -1.0248682e+00  -7.2780603e-01  -6.7804241e-01   3.2388708e-01   8.6929619e-01  -9.5069855e-01   5.5173486e-01   3.3805066e-01
   3.7555590e-02   1.3241392e+00  -7.3733318e-01   3.3998120e-01   2.6618052e-01  -6.6221160e-01  -6.4208728e-01   1.3013127e+00  -3.8565007e-01  -8.8968152e-01  -3.1619829e-01  -6.5109611e-01  -5.5107826e-01  -4.5063937e-01
   3.9478969e-02   4.2765033e-01   3.9415255e-01   1.0537956e+00  -4.8631594e-01   1.2531424e+00  -1.0140904e+00  -7.4168637e-02   8.8648856e-01  -8.2768220e-01  -1.0335937e-02   3.2164760e-02   8.4088331e-01  -7.2788781e-01
  -2.9335907e-01   7.0091820e-01  -8.3128506e-01   2.1780838e-01   9.0970916e-01   6.2097049e-01   6.2775224e-01  -1.1560336e+00   9.0018386e-01   6.9349104e-01  -5.6851512e-01   2.8181255e-01   6.6953433e-01   7.7353233e-01
  -7.5275391e-01   2.7651954e-01   1.7991621e+00  -7.8270507e-01   3.9816725e-01  -8.7964630e-01  -5.2830067e-02   6.7656893e-01  -6.0721600e-01   6.4389154e-02  -1.2165526e-01   5.3697038e-02  -1.2725528e-02   8.5072494e-01
  -9.7821158e-01  -5.7463253e-01  -5.0707459e-01  -1.4583455e+00   5.4627615e-01   3.7658790e-01   3.1751800e-01  -7.5082219e-01  -3.7392420e-01   8.5608459e-01  -4.6668121e-01   8.2314062e-01  -2.2686204e-01  -6.3615870e-01
   3.9019558e-01   5.2492446e-01   6.1724484e-01  -5.3106421e-01   7.5675780e-01   4.5057243e-01   1.2386554e+00   3.8515192e-01   6.0962784e-01  -5.9368181e-01   3.8335904e-01  -1.5509670e+00  -3.3425999e-01  -2.5015640e-01
   4.9450859e-01   1.1221673e+00  -5.3781641e-01   5.6496668e-01   7.7952862e-01  -1.7346562e+00  -4.8402321e-02  -3.1781226e-01   9.6523744e-01   3.5357691e-02   1.6451706e-01  -2.6768929e-01   2.9517132e-01   2.2122510e-01
   3.4822953e-01  -9.1500789e-01  -3.1125733e-01  -5.8927214e-01   1.5480819e+00  -7.7991688e-01  -3.2182485e-01  -3.9050985e-02  -9.6996379e-01  -9.3742871e-01  -1.7303534e-01   6.9756216e-01  -1.2836048e-01   3.6720037e-01
  -8.8279217e-02  -1.8138772e-01   6.9444895e-01   6.9294727e-01   5.9797484e-01  -1.8167718e-01  -8.3975697e-01  -9.1341096e-01   6.0469377e-01  -2.3674877e-01  -8.9535272e-01   1.0072589e+00  -1.2127290e+00  -5.9844357e-01
  -3.5858759e-01  -9.8796749e-01  -9.0133309e-01   8.1400299e-01   3.9077276e-01  -3.3730876e-02   6.6648316e-01  -9.9653721e-01  -3.3178592e-01   5.8745384e-01   5.1159537e-01   6.2831521e-01   1.1107897e+00  -6.9545573e-01
   1.1376995e+00  -1.1756224e-01  -1.1309065e+00   1.4036031e-01   1.1394703e+00   4.2403701e-01   2.8748032e-01   4.7256479e-01   2.9682728e-02  -3.8714945e-01  -1.0334058e+00   8.2573265e-01  -5.2642626e-01  -6.5677571e-01
  -5.2013862e-01   5.2259827e-01  -2.2929648e-01  -2.4154690e-01  -7.1147555e-01  -1.0484990e+00   9.8496753e-01   4.2638505e-01   7.4214256e-01  -2.4520630e-01   1.6315824e+00  -4.5934132e-01  -2.8041130e-01   1.5913780e-01
   5.9302223e-01  -5.9175032e-01   7.7039248e-01   1.0856589e+00  -3.1141335e-01   1.0005157e+00   4.7035959e-01   6.3571572e-01   3.5642990e-01  -6.8355364e-01  -1.1219876e+00  -8.0644178e-01  -3.9626181e-01  -3.7695998e-01
  -1.1864532e+00  -7.9386860e-01   2.7723148e-01   4.0083024e-01   4.1748244e-01  -9.3389541e-01   5.0098735e-01   1.2716333e+00   1.2251003e+00  -1.7661968e-01  -2.6610684e-01   2.0159218e-02   3.7511888e-01   2.5707752e-01
  -1.4656815e-01  -9.2099923e-01   7.5487643e-01   8.2042998e-01  -3.0413789e-01  -2.7911749e-01   1.6387826e+00   1.8256173e-01  -5.5566007e-01  -2.9190588e-01   8.2393008e-01  -1.2960920e-01  -9.2639160e-01  -2.2397029e-01
   1.2015736e+00  -2.5769240e-01  -5.7025266e-01  -8.8039726e-02   5.9309763e-01   7.5552380e-01   1.0716008e+00   4.6643771e-02  -1.3646109e+00  -1.5514700e-01  -5.4964584e-01  -8.7459576e-01  -3.2819714e-02   3.5979572e-01
  -1.4622641e+00   7.5469889e-02  -3.5095558e-01  -6.1808950e-01  -6.1953145e-01   1.8527344e-01  -1.0064760e+00   7.9014814e-01  -5.5030849e-02  -1.7844011e-01  -9.1327840e-01   5.8101499e-01  -8.6660004e-01  -5.8128268e-01
   7.2776973e-02   4.6097118e-02  -1.3976614e+00  -2.5718665e-01   4.2677382e-01  -1.2556735e+00   3.4789097e-01   7.2111934e-01  -3.7944071e-02  -2.6219448e-01  -5.5066478e-01   1.0695757e+00   9.9773788e-01   2.4534091e-01
   8.4496701e-01   7.2277486e-02  -2.9103456e-02   5.4719515e-02   1.2615180e+00   1.1914769e+00  -6.6435695e-01   7.8409290e-01   1.0880611e+00   5.9994739e-01   3.0732042e-01   4.7728401e-01  -5.4664570e-01   2.1181940e-01
  -9.9173135e-01   1.8022239e-02  -5.1360971e-01   3.5117185e-01  -3.7481350e-01   4.3254468e-01   1.1829362e+00   1.0984850e+00   6.2169462e-01   5.9442604e-01  -1.7428727e-01   3.7958890e-01  -3.5328391e-01  -1.2869809e+00
  -8.6870432e-02   6.2081248e-01   6.2936920e-01  -6.5750283e-01   1.0368431e-01  -3.5580707e-01   1.0469282e-01  -6.3377988e-01   1.8948851e+00   3.3327371e-01  -9.6064949e-01  -5.9950590e-01   3.3680949e-02  -4.9355161e-01
  -6.4317143e-01   8.0370003e-01   1.0252746e+00   1.0883669e+00  -4.9849147e-01  -8.2239866e-01   7.2969574e-01   8.6921173e-01  -1.6032155e-01  -1.2177349e-01  -1.0510908e+00  -5.4061729e-01   3.7316065e-03  -2.3290093e-01
  -1.4623241e+00  -1.9770952e-01   3.0133498e-01  -1.9177029e-01  -1.7332782e-01   7.6495147e-01   3.7977025e-01   1.1649309e+00  -1.6668938e-01  -6.9129032e-01  -4.8835099e-01  -9.6507013e-01  -1.4162382e-01   9.3961984e-01
   2.8086507e-01  -1.4116924e+00  -2.4493679e-01  -3.9028528e-01  -1.9351751e-01  -9.9522662e-01  -1.9565341e-01   4.1737932e-01  -5.9606278e-01   5.8828026e-01  -8.7595433e-01   8.8854945e-01  -5.3166026e-01  -9.6678287e-01
  -4.8598439e-01   5.9904659e-01  -3.7025750e-01   4.3927866e-01   8.8201606e-01   9.0652454e-01   1.1395942e+00   5.1365536e-01  -3.8602868e-01  -6.2519318e-01  -1.5302327e-03  -3.3308834e-01   1.0567740e+00  -1.0700675e+00
   5.2496052e-01   6.6899306e-01  -3.9213061e-01   1.2258121e+00   1.0427248e+00   5.6700718e-01   6.4294726e-01  -6.3025200e-01  -1.0019600e+00   6.2601918e-01   7.6042968e-01   1.4219335e-01  -5.0150275e-01  -3.9409441e-01
   1.5908743e-01   4.2343494e-01  -2.8137749e-01   3.1102392e-01  -2.2849728e-01   1.7319989e+00   4.6532363e-01   9.9604005e-01   5.3866208e-01   6.7963612e-01  -8.4718215e-01  -3.5739120e-02   3.7674806e-01   8.6361766e-01
  -7.0927858e-01  -3.1357244e-01   7.5886065e-01  -1.4625268e+00   4.1522747e-01  -2.4712422e-01   1.2965405e-01  -9.3804950e-01  -7.3407590e-02  -5.1284003e-01  -1.0219073e-01  -7.0707500e-02   1.4655459e+00  -3.4906977e-01
   4.5983747e-01  -4.9874827e-01  -1.5419293e-02  -2.9650947e-01   7.2868192e-01   9.4716257e-01  -1.0157748e+00   1.0521022e+00  -2.6744318e-01   8.0315225e-02   2.3007132e-01  -1.3568709e+00   2.1196724e-01   9.3160862e-01
   3.3323616e-01   6.2624234e-01   1.3895794e+00   4.5776838e-01   1.2237056e+00  -4.7295380e-01   1.0474246e-01   3.2191697e-01   5.5622262e-01   9.1369528e-01  -3.9710626e-01   1.0952685e-01   8.7764668e-01  -6.6058511e-01
  -1.0341413e+00  -1.6409989e-01  -1.1259881e-01   1.6042638e-01   1.5468342e+00  -9.6241915e-01   9.8603868e-01  -9.5630997e-01   3.2912350e-01   1.4948510e-01  -1.5827811e-01  -3.8153353e-01  -2.1071090e-01  -5.6015408e-01
   3.6865789e-01   8.8589901e-01  -1.0444825e+00   2.5610733e-01  -1.3789260e+00  -7.9057831e-01  -3.4431249e-01   6.4783472e-01   9.7938961e-01   6.6789496e-01  -5.6489843e-01   3.2298276e-01   1.6467090e-01   4.7081456e-02
   4.8527516e-02   4.0761662e-01  -1.3591814e-01  -8.8378173e-01   5.9496903e-01  -2.4247099e-01   1.2758751e-01   9.5875573e-01  -2.7721244e-01   9.7345734e-01  -1.8553355e+00  -4.2883903e-01   1.8113072e-01  -1.5208001e-02
   5.7993656e-01   5.2328432e-01  -3.1333667e-01  -4.4924051e-01  -1.4433043e+00  -4.4772589e-01  -1.2709236e-01  -1.1752003e+00   5.6757355e-01  -1.3418561e-01   5.2806222e-01  -1.9114634e-01   1.3068213e+00   2.1377911e-01
  -1.2616359e+00  -4.2139636e-03  -1.0712996e+00  -2.5758439e-01   9.7695899e-01   2.8557330e-01  -4.2256820e-03   3.6872134e-01   4.3534726e-01  -6.3441837e-01   5.5317837e-01   7.4971455e-01  -2.2079065e-01   1.2302068e+00
   4.0485284e-01   1.7824939e+00  -1.1015671e-01   6.5958548e-01   2.1605144e-01   3.2457862e-02   3.3745971e-01  -6.1155105e-01   1.7592102e-01  -4.8031576e-02  -1.0271991e+00  -5.8141197e-03  -5.0059426e-01  -1.1562852e+00
  -4.0166616e-01   2.2080746e-01   7.2887801e-02  -5.1975226e-01  -8.1122762e-01  -1.6207408e-02  -1.2634897e-01   1.7106804e-01  -8.8546085e-01  -5.4125470e-01  -9.6148974e-01   6.2352759e-01   7.6359689e-01   1.6845015e+00
  -4.2597446e-01  -2.2760542e-01  -6.6331196e-01   9.0788186e-02   6.1191988e-01  -6.9230509e-01  -1.1690308e+00   7.2643518e-01   1.1695751e+00   1.1655184e+00  -1.5401682e-01  -5.5923468e-01  -2.4635333e-01   6.6854376e-01
  -4.4944742e-01  -2.5762906e-02   2.3348111e-01   2.3704386e-01  -3.5549629e-01  -2.9389108e-02   9.4323531e-02   1.9671192e+00  -9.5507514e-01   1.0531309e+00  -1.9602330e-01   5.6143361e-01   4.5400071e-01   3.1612051e-01
  -9.3418783e-01   8.0094033e-01   1.0639595e+00   1.0095272e+00   2.2870860e-01  -1.6773684e-01  -1.8559289e-01  -4.7448683e-01  -8.7693202e-01  -7.1509284e-01   7.1677786e-01  -2.2641137e-01   2.7912799e-01  -1.0350336e+00
   1.7544623e-01   1.6787388e+00  -2.5131837e-01   6.2461513e-01  -5.5242693e-01  -3.7619814e-01  -5.4366881e-01  -9.5725179e-01   2.4185410e-01   3.0884733e-02   5.5440134e-01   6.4888144e-01  -8.9649087e-01   6.6902274e-01
  -5.9147328e-02   3.4147540e-01  -9.0045112e-01   4.6644542e-01  -8.4103382e-01  -4.3405253e-01  -6.5024835e-01   3.5772347e-01   6.4291708e-02   1.6216617e-02   1.0398542e+00   5.5340655e-02   3.3072382e-01   1.7907678e+00
   5.1267421e-01   8.3383745e-01  -1.6237539e+00  -2.5076685e-02  -3.5292110e-01  -1.1285831e-01   6.5457612e-01  -8.0326712e-01  -1.6034555e-01   8.8913977e-01   3.3928138e-01  -7.9718983e-01  -2.8788283e-01   7.3749322e-01
   7.1294916e-01   7.9826063e-01   7.6826388e-01   6.0233623e-01   6.9631350e-01  -9.6529418e-01   1.1869078e+00   8.9421958e-01  -2.6463455e-01  -3.8535702e-01   2.5987944e-01   6.5940410e-01  -7.4085528e-01   8.1687056e-02
  -8.1584263e-01   7.4093974e-01  -3.6278263e-01  -5.3663865e-02   1.1279969e+00   9.1377568e-01  -1.0608214e+00  -6.1233807e-01  -3.6926758e-01  -1.2040257e-01   3.6148164e-01  -6.8485343e-01  -1.1042883e+00  -2.7065325e-01
  -2.9308212e-01   1.3505340e+00  -4.5922321e-01  -5.2759498e-01   1.2043992e+00  -8.3243020e-02   9.5872469e-02   1.9524851e-01   5.3239328e-01   5.5009747e-01  -2.2193030e-01   1.3485587e+00  -7.8241020e-01  -1.7325632e-01
   5.9997070e-01   4.3024659e-01  -1.1461662e+00   6.8958795e-01   8.9005941e-01  -1.4431484e-01  -1.5286771e+00   1.0893348e-01  -3.6679783e-01   7.6722130e-02   5.8321863e-01   9.4028252e-01  -2.7330124e-01   2.5406057e-01
   5.8181936e-01   8.5983928e-03  -9.0723282e-01  -2.5844210e-01   3.9552614e-02  -8.1064987e-01   1.8474501e+00  -2.0196553e-01   7.0876813e-01  -2.0850638e-01  -8.1442010e-01  -5.4736948e-01   2.7141428e-01  -2.7673596e-01
  -1.6274011e+00  -3.9209962e-02  -2.1285309e-02  -6.2140816e-01   3.0256578e-01  -5.6736791e-01   7.1362919e-01   6.5910035e-01  -7.1532923e-01  -9.3809789e-01   7.5773787e-01   5.5200028e-01  -4.0178815e-01  -4.1745290e-01
   7.1993124e-01  -9.0181148e-01   1.0645821e+00  -3.7622476e-01  -5.6437075e-01  -1.2605381e-01   1.7270534e-01  -1.0317606e-01  -1.3157526e+00  -4.6403697e-01  -9.3322355e-01  -2.2644001e-01  -7.6778603e-01   7.4864334e-01
   5.7950854e-02   5.3007841e-01   5.5730689e-01  -5.8366370e-01  -5.4432780e-01  -1.6600337e+00  -6.3406277e-01   6.8305457e-01  -3.8604406e-01   1.9185698e-01   3.0355576e-01   3.3190718e-01   1.2341961e+00  -4.8209122e-01
   3.6860069e-03   5.6489778e-01  -6.3173729e-01   5.5365974e-01   3.5059941e-01   4.2287150e-01  -3.3194450e-01  -2.4565369e-01   3.0503580e-01  -1.1257434e-01  -1.2585047e+00  -1.9482175e+00  -3.1659514e-02   1.2986510e-01
   5.2071118e-01  -5.8138543e-01   4.6929032e-01   7.1552926e-01   7.0792150e-01  -1.1134865e+00  -5.6379706e-01   5.8580393e-01  -1.1304858e-01  -3.1912476e-01  -1.0893151e+00  -3.9161026e-01   1.1491563e+00   6.9386637e-01
   8.4717196e-01   8.3022118e-01   6.8917316e-01   2.5514010e-01  -8.1154716e-01  -6.8827826e-01  -4.0525877e-01   1.8051456e-01  -9.4560760e-01   1.0102396e+00   1.2599665e+00  -9.7820535e-02  -4.1803473e-01   1.9293915e-01
  -8.3477765e-01  -1.3761990e-01  -1.6694770e+00   7.2585933e-02   8.8593316e-01   7.2657156e-01  -1.9193116e-01  -4.5894107e-01  -1.1560200e+00  -3.1668473e-02  -3.3473438e-01  -2.7157560e-01   4.6413910e-01   4.3923360e-01
   3.4602502e-01  -6.0843569e-01  -1.4772429e-01  -3.4095117e-01  -1.0971692e+00   7.0775139e-01   5.2370094e-02   2.5691351e-01   4.1174385e-01   1.1800467e+00  -1.4045254e+00   2.7801445e-01   5.2387893e-01  -8.4385288e-01
  -2.0956016e-01   8.6236751e-01  -1.8445628e+00  -3.8246232e-01  -7.6331586e-01   8.7913048e-01  -5.4318611e-02   6.4675599e-01  -4.6560201e-01   4.7241608e-03  -2.6010090e-01   5.3922081e-01   4.6913129e-01  -3.0273682e-01
