   5.7193208e-01   7.2636224e-02   4.3192643e-01   5.6427717e-01  -7.1225631e-01   1.2865999e+00
  -4.4985339e-01   9.8395102e-02   4.5093107e-01  -3.2752344e-01  -1.3334540e+00  -8.3620578e-01
   7.9456425e-01  -6.3328320e-01   1.1393207e+00   6.1597323e-01   5.0000334e-01   2.0035392e-01
   1.7458445e-01   8.0258143e-01   7.9291686e-02   5.5439836e-01   1.3823167e+00  -3.1770942e-01
   4.9232063e-01  -9.9026078e-01  -2.3822656e-01   2.7487403e-01  -1.2265055e+00  -3.7467360e-01
   8.4993392e-01  -3.7032589e-01  -1.0457356e+00  -3.4419924e-01   9.6021700e-01  -8.0115877e-02
  -9.3009841e-01  -3.5040662e-01   2.7324852e-01   1.3284150e+00  -4.1294694e-01   4.7492113e-02
  -9.3605518e-01   9.1623962e-01  -3.4262875e-01   6.4248115e-01   8.6773771e-01   3.4064159e-02
  -4.6240318e-01   5.6671210e-02  -1.4411309e+00  -5.1159483e-01   4.8118955e-01   4.6134675e-01
  -9.3476576e-01  -1.0559354e+00   2.5113076e-01   7.3182184e-01  -2.0970285e-02  -6.4198416e-01
   3.1646498e-02   4.3347600e-01  -6.9174272e-01   1.1327262e+00   8.2953697e-01   6.0115623e-01
   1.1604240e+00  -8.8544714e-01  -5.5221498e-01   1.7430751e-01   3.9767107e-01   6.1313349e-01
  -6.9083661e-02   2.5558403e-01   2.5838616e-01   1.4826944e+00   2.8230352e-02   8.1483799e-01
   8.1133300e-01   5.3005105e-01   6.4764118e-01   6.8659323e-01   3.3633652e-01  -1.0280141e+00
  -1.0870626e+00   1.0986594e+00  -5.7802182e-01  -3.0433482e-01   2.0663850e-01   3.7658286e-01
   4.1469654e-01  -1.4299674e+00   1.5373217e-01   7.7647650e-01   3.9461419e-01   3.0840196e-02
   7.5124633e-01   7.4280703e-01  -2.8790133e-02   1.3034281e+00   3.3278123e-01  -2.7086845e-01
  -8.7239140e-01  -1.7299439e-01  -4.4751221e-01  -9.2945635e-01  -1.0191556e+00  -3.2584041e-01
  -1.7011844e-02  -1.2232940e+00  -5.2470829e-02   2.7548191e-01   5.2055168e-01   1.0740787e+00
   1.7369760e-02   8.1931567e-01  -8.9481735e-01   8.3623916e-01   6.4026868e-01  -6.4690202e-01
   4.3775195e-01  -5.1801902e-01   3.9845404e-01   5.1990116e-01   8.8271022e-01  -1.1540318e+00
  -5.5028476e-02   1.1314602e+00  -7.9535562e-01   9.7978875e-02   8.9733011e-01   5.1901662e-01
   1.2145362e+00   8.5122988e-02  -1.2011700e+00  -2.0438914e-01  -4.5132954e-02   1.7616785e-01
  -8.0669069e-01   2.5680354e-01  -1.6858272e-01  -5.8929485e-01  -4.2484656e-01  -1.3141990e+00
  -4.7182236e-03  -6.0862809e-01   1.0291822e+00  -1.3294014e-01   1.0697374e-01   1.2414576e+00
   1.3509679e+00  -4.1411924e-01  -2.3655142e-01   2.5309473e-01  -6.1131340e-01  -7.1391416e-01
  -8.0328369e-01  -3.0344415e-01  -2.9483956e-01   3.0172029e-01   1.1486695e+00   8.7478572e-01
  -1.4429070e-02   4.2186302e-01   4.9854901e-01   4.3826872e-01  -7.1852279e-01  -1.3656199e+00
  -1.3631165e-01   2.9784268e-01  -7.6419610e-01   1.5071659e+00  -1.7060693e-01  -8.9763977e-02
  -9.0293336e-01   3.4808618e-01   9.0309167e-01   1.3875708e-01   1.0912175e+00  -1.9484204e-01
  -6.7132527e-01   1.2062349e+00  -7.3689252e-01   3.7399283e-01  -4.5664862e-01  -4.5045590e-01
  -4.0763775e-01  -5.1763898e-01  -5.0353748e-01   4.2266867e-01   1.1481641e-01  -1.4561936e+00
