   9.2451322e-01   6.4325768e-01  -2.4678381e-01   1.3732450e+00   1.2956537e-01  -1.4415777e-01  -1.8449032e-01  -8.7270916e-01   7.8233713e-01  -1.0589240e+00   4.3739334e-01   2.7447727e-01   1.3499746e+00   3.6008551e-03  -1.5536235e-01  -3.2397401e-01
  -1.7581172e+00  -6.7367399e-01  -2.1215203e-01  -6.6173744e-01  -1.6468030e-01  -1.4368962e+00  -4.5385884e-04  -2.6588225e-01  -3.4227261e-01   2.1449474e-01   6.6471201e-01   4.2897695e-01   9.3473643e-01  -2.8472039e-01  -1.1634088e-01  -2.2900908e-01
   3.6529744e-01   8.6333430e-01   3.0664012e-01   2.9375675e-01  -1.4512801e-01  -1.8195872e+00   1.2916428e-01   8.9402485e-01   1.7591538e-01   1.1586250e+00   6.8117455e-02  -3.4185955e-01   5.6238562e-01  -5.8324993e-01  -5.6080943e-01  -5.7195890e-01
   2.8730088e-01   7.2874731e-01   9.4301380e-02  -1.8749554e-01   9.3617541e-01  -4.2801258e-01  -1.3184431e-01   4.2871025e-01   7.7859670e-01  -1.2747496e-01   4.7554761e-01  -1.6418967e-02   2.2685377e-01  -6.8779033e-01   5.0685507e-01   2.1097975e+00
   3.1114537e-01   1.3686239e+00  -9.3912768e-01  -5.8742207e-01   2.8120461e-01   3.4444088e-01  -3.5838160e-01   3.7478521e-01   5.1233995e-01  -1.9668639e-01  -4.2940583e-02  -4.2100528e-01   1.2388417e-01  -8.6086512e-01  -1.7568698e+00   1.1453717e-01
   5.5027135e-02  -5.5315727e-01   7.0427850e-02  -4.7086897e-01   4.0031937e-01  -3.0247727e-01  -1.7526647e-01   1.5748984e-01   1.3106327e+00  -5.1546985e-01   7.3916841e-01  -8.8715339e-01   6.5758729e-01   1.9876793e-01   4.2856210e-01  -1.7845360e+00
   7.1263039e-01  -4.4492832e-01   1.2215147e+00  -4.4493812e-01  -7.6397020e-01   1.5882698e-01  -1.5309939e+00   1.0577828e+00   6.5286469e-01   4.9120754e-01  -4.0475747e-01  -4.8834682e-01  -3.0099121e-01  -3.7192911e-01   2.6177371e-01  -4.0635657e-01
   7.0407069e-01  -6.0767156e-01  -2.9558611e-01   6.4759232e-02   7.1765554e-01  -1.6060861e+00  -3.9800227e-02  -8.6729163e-03  -4.8323643e-01  -5.0472170e-01  -9.1062212e-01   1.1053344e+00   7.2514707e-01  -4.5537508e-01  -6.0375279e-01   5.5702132e-01
   2.4923790e-01   3.4122604e-01   1.3093969e+00   1.2750456e+00  -1.2300279e+00  -6.0246694e-01  -9.0644814e-02  -6.0645515e-01  -7.6331657e-01  -3.8380915e-01  -1.0923733e+00  -3.8770384e-01   2.8759360e-01  -2.1720266e-01  -1.1159681e-01  -1.1553167e-01
  -8.0973156e-02   3.4830022e-01  -4.2852521e-01   1.1535673e+00  -9.1479945e-01  -9.9603516e-01  -9.9312998e-02  -4.6882266e-01  -4.6193212e-01   1.4250049e-01   1.6975356e+00  -6.0166526e-01  -1.3822897e-01  -2.5606835e-01   6.0556191e-01   6.0866982e-01
   5.7035398e-01  -8.2988763e-01  -7.1740109e-01  -2.6588777e-01  -8.0711728e-01   5.1661497e-01   7.4717957e-01   4.9610558e-01   4.7564918e-01  -1.6197022e+00  -1.3566129e-01  -2.0873417e-01   5.9822601e-01   3.5887918e-01  -1.1311487e+00   8.7866411e-03
  -8.7210578e-01  -6.3113028e-01   1.2636901e+00   5.3664017e-01   7.7499032e-01   3.3760801e-02   6.5152907e-01  -5.7567316e-01   1.0821730e-02   1.0656922e-01   1.1912600e-01  -8.8556784e-01   4.0488133e-01  -1.1496037e+00  -8.8176548e-01  -7.2501546e-01
   9.2353284e-02   3.4632918e-01   3.9531282e-01  -9.5107786e-02   2.3654734e-01   2.1417326e-01   6.1841291e-01   5.3491950e-01  -7.7065742e-01   7.7331579e-01   4.2105195e-01   1.3891888e+00   6.8522543e-01   9.3918377e-01  -1.4870843e+00  -2.7153412e-01
   3.3759022e-01   1.3655210e+00   7.7222186e-01  -9.2096597e-01   1.0434483e+00   1.9278286e-01   5.2800506e-01  -1.5596841e-01  -1.3777122e+00  -4.0461460e-01   9.2823184e-01  -5.3669546e-02   4.1953065e-02  -4.6843347e-01   1.7985851e-02   1.7027044e-03
   1.2583342e+00  -5.6452411e-01  -2.3397267e-01   7.7337950e-01  -4.3462548e-01  -7.3054600e-01   7.7308613e-01  -4.4963434e-01  -2.5435431e-02   5.2284926e-01   9.2691720e-02  -8.7310636e-01  -9.3895674e-01   4.4128492e-01  -1.3421286e+00  -3.3882021e-03
  -3.5113123e-01   5.4021329e-01  -9.1485047e-01   1.3041303e-01   1.3889300e+00  -1.4352861e-01   5.5624706e-01   4.9388954e-01  -4.6019942e-01   2.3749068e-01  -3.8633883e-01  -1.0753075e+00  -8.2146287e-01  -6.5656787e-01   2.3735656e-01  -1.2214344e+00
