   5.3054512e-01  -6.4449102e-01   1.1286141e+00   1.7141613e-01
   8.6615884e-01  -8.8588291e-01  -6.1809754e-01   2.8798613e-01
   1.1204394e+00  -4.4157138e-01  -1.2928505e-01  -7.3001063e-01
   1.9165124e-01   3.5665160e-01  -9.3446273e-01  -9.8124868e-01
   1.3459886e+00  -2.8693646e-01   3.0429214e-01  -1.1570684e-01
  -6.6933185e-01  -2.9083645e-01  -7.7726018e-01   9.2912620e-01
   7.7602100e-01  -5.4865491e-01  -1.0089675e+00  -2.8063044e-01
   1.3031106e+00  -4.0263286e-01   1.4186856e-01   3.4592333e-01
   3.5805792e-01  -2.5529376e-01  -1.0462911e-01  -1.3400270e+00
   9.9325955e-01   1.1900056e-01  -8.2141191e-01   5.6969875e-01
  -2.1777287e-01  -2.3561974e-01  -9.1057621e-02  -1.3743241e+00
   9.9780202e-01   7.7859229e-01  -6.1159980e-01  -1.5534048e-01
   1.7685330e-01  -1.2870359e+00   5.5823338e-01   2.5237244e-02
   7.8324050e-01  -7.5519449e-01   9.0239775e-01   4.3519594e-02
  -9.4997329e-01  -6.7362392e-01   7.8548592e-01  -1.6368745e-01
  -7.7599025e-01  -6.1962694e-01  -1.9286564e-01  -9.8828369e-01
   1.3357243e-01  -3.6773682e-01   1.3515570e+00  -1.4220306e-01
   4.2078090e-01  -7.5274333e-02   1.2067935e+00  -6.0077155e-01
   4.8344320e-01  -7.5600117e-01  -5.7889223e-01  -9.2716157e-01
   1.3526667e+00   2.8581986e-01  -2.4024493e-01   1.7573261e-01
  -5.6398157e-02   7.5491816e-01  -1.1197567e+00  -4.1600803e-01
  -1.2576662e+00  -4.3244937e-01   5.3677130e-02   4.7789350e-01
   1.1512918e+00   4.7457814e-01   1.4507034e-01  -6.5441376e-01
   8.9525712e-01   4.9638441e-01  -9.5910954e-01  -1.7951624e-01
   1.3621655e+00   1.8716370e-01  -1.6562383e-01  -2.8643322e-01
   8.6201870e-01   5.5457562e-01  -5.9100980e-01  -7.7464634e-01
  -6.4729095e-01  -1.1697166e+00  -1.6438532e-01   4.3099299e-01
  -4.5229056e-01  -9.5781326e-01   9.2723250e-01  -1.3515474e-01
  -4.8800150e-01   6.7698497e-01   1.1000101e-02  -1.1416763e+00
   3.7579757e-01  -9.1833508e-01   2.4656281e-01   9.7705877e-01
   1.2827803e-01  -1.9344975e-01   1.0121977e+00  -9.5998836e-01
   9.7414702e-01  -2.7148637e-01   9.6002167e-01   2.3598963e-01
   7.9801694e-02  -1.2471622e+00   1.9564245e-02  -6.6169143e-01
  -2.1926251e-01   5.7039928e-01   2.5701818e-01  -1.2492038e+00
  -4.8987189e-01   4.7150552e-01  -1.1419331e+00  -4.8342198e-01
   1.0496233e-01  -3.6580220e-01   1.1489122e+00  -7.3155493e-01
  -1.5590897e-01  -4.6659786e-01   1.2665836e+00   3.9210322e-01
   2.7696425e-01  -1.2910295e+00  -4.6803448e-01  -1.9359092e-01
   2.0695129e-01  -1.0399834e+00   9.2655832e-01   1.3074917e-01
  -1.0281528e+00  -2.0228049e-01   9.4550377e-01   8.9483187e-02
  -1.6551848e-01  -1.3219523e+00  -4.7438645e-01   1.7851799e-03
   3.5353735e-01  -4.4061542e-01   4.3558237e-01   1.2211213e+00
  -6.0506660e-01   6.5983438e-01   4.0142509e-01  -1.0185140e+00
   2.6398705e-02  -1.9750854e-02   2.5253344e-01   1.3910931e+00
   5.8597445e-01   1.0273273e+00   3.6416778e-01  -6.8455428e-01
   4.5695719e-01  -5.8170408e-01   6.6039360e-01   1.0083109e+00
   8.0782402e-01  -6.9659829e-01  -1.7559640e-01  -9.1177696e-01
  -4.5372856e-01  -1.0016454e+00  -4.0782234e-01   7.9026419e-01
   2.2349787e-01   7.4488544e-01   1.1507334e+00  -2.6647198e-01
  -2.5423869e-01  -7.6081926e-01   8.0628538e-01   8.4048826e-01
   3.3119112e-01  -1.1379458e+00   7.6848203e-01  -6.9478914e-02
  -9.8406959e-01  -7.5870609e-01   9.2686526e-02  -6.6886568e-01
   1.2625285e+00  -5.6728345e-01  -4.1208219e-02   2.8725153e-01
   9.8108113e-01   6.0919315e-01  -8.2772329e-02  -8.1210363e-01
   1.0328475e+00  -7.4372256e-01   6.1578041e-01   3.0284818e-02
   4.1799623e-01  -1.2748516e+00  -4.3437719e-01  -1.0653117e-01
   8.8914132e-01  -6.9646925e-01   5.2448642e-01   6.7027795e-01
   9.4337761e-01  -4.6651104e-01  -3.2039616e-01   8.8868010e-01
   7.6491708e-01  -3.7054962e-01  -1.0518161e+00  -4.1385707e-01
   2.6909232e-01  -1.2307779e+00  -7.5056411e-02  -6.3807654e-01
   2.9461263e-02  -1.9777153e-01   1.3982427e+00  -7.0254713e-02
   6.8824077e-01  -5.0657451e-01   8.3616120e-01  -7.5534189e-01
   5.0557303e-01  -3.0159628e-01  -7.7313557e-02  -1.2835337e+00
   2.2726548e-01   2.5635925e-01   2.5023046e-01   1.3490794e+00
   5.0998932e-01  -1.1237725e-01  -1.2160488e+00  -4.9850512e-01
  -7.5131226e-01  -2.6469749e-01  -6.7128915e-01  -9.5647061e-01
   9.9654630e-02  -3.6397657e-01  -3.7782377e-01  -1.3095187e+00
  -1.8946984e-01  -1.1722656e+00   6.6876704e-01  -3.7768397e-01
  -7.5260347e-01   1.0992264e+00  -3.7993214e-01  -2.8450155e-01
   1.3817528e+00   1.1935334e-01  -1.7343114e-01   2.1548907e-01
   1.1569960e+00  -7.8879184e-01  -9.5730014e-02  -1.7321493e-01
   1.4277782e-01   1.7416310e-01  -6.0679340e-01  -1.2574115e+00
  -4.3211356e-01  -9.1974050e-01  -7.1485490e-01  -6.7552757e-01
   3.3511481e-01   1.0034735e+00  -6.5731680e-01  -6.6983128e-01
   8.6313164e-01  -8.8554168e-01  -6.7387307e-01   1.2928559e-01
   9.2473567e-01   8.2866311e-01   2.5945765e-01   6.2519038e-01
  -1.0929343e+00   2.8767779e-01   5.9898829e-01   6.0328192e-01
   3.0289346e-01  -1.0281093e+00   8.6303276e-01  -3.2622299e-01
   1.1768229e+00  -5.1480544e-01  -5.0702518e-01   3.0494091e-01
   1.2168336e+00  -4.5470628e-01   1.6615260e-01  -5.3380859e-01
   7.4921513e-01  -9.1355905e-02  -1.1904771e+00   1.1443329e-01
  -4.6504003e-01  -5.2313542e-01  -2.1996699e-01  -1.2090003e+00
   8.5179782e-01  -2.2598667e-01  -1.0464398e+00  -3.5823753e-01
   6.7868221e-01  -3.9192814e-01  -2.3436101e-04  -1.1771928e+00
  -8.0151439e-01   1.2958357e-01   1.1036181e+00  -3.5044220e-01
  -4.0471068e-01   5.1706284e-01  -1.2515727e+00  -4.9204037e-02
   1.1027151e-01   2.8477657e-01  -3.7628722e-01  -1.3285897e+00
  -9.7184521e-01   6.1942762e-01   7.3359531e-01  -3.6560124e-01
   5.7530958e-02   7.5316519e-01  -1.0447103e+00   5.8138877e-01
  -1.1310917e+00  -8.1958789e-01  -1.5770155e-01   1.5504016e-01
  -2.8725308e-01   2.3462382e-01  -2.7560070e-01  -1.3365933e+00
   1.8567164e-01   4.6834442e-01  -1.6158770e-01  -1.3115139e+00
   6.8753511e-01  -2.4977976e-01   1.1395499e+00  -4.0783748e-01
   1.5236329e-01  -1.1339345e+00   5.7694030e-01  -5.9842968e-01
   4.2973372e-01   2.3579450e-01  -8.3647764e-01  -1.0295799e+00
  -1.8023293e-01  -7.6473957e-01   1.1699831e+00  -1.1759719e-01
   8.0702871e-01   1.4210078e-01  -9.7641289e-01  -6.1247855e-01
  -1.3174160e-01  -8.8181412e-01  -7.0893216e-01   8.3813065e-01
   1.2285414e-02  -1.3701268e+00   3.1741402e-01   1.4781696e-01
   2.9330960e-01  -8.6412942e-01   2.6529756e-01  -1.0473143e+00
   2.3686345e-01  -5.3568238e-01   1.1285048e+00   6.1920673e-01
   8.6453032e-01  -8.5833758e-01   7.0836198e-01   1.1860531e-01
   1.3677773e-01  -1.3756747e+00   2.9498428e-01  -4.2369969e-02
   8.3957136e-01  -1.1020198e+00  -3.9791230e-02  -2.8122741e-01
   8.3341807e-02  -5.0770533e-01  -9.0976931e-02  -1.3141587e+00
   3.1187013e-02   6.5366089e-01  -2.2041681e-01   1.2341682e+00
   1.3555629e+00  -1.8707260e-01  -5.8881346e-02  -3.5211629e-01
   5.2652526e-01  -1.3113894e+00   2.6134837e-02  -4.8429649e-02
   9.1146541e-01  -8.2018518e-01  -3.4084711e-02  -7.0382196e-01
  -2.9195228e-01   2.3337795e-01  -1.1166189e+00   7.8323758e-01
  -8.5599422e-01  -8.6157602e-01   2.3279659e-01  -6.8612432e-01
  -5.3436798e-01  -8.2474715e-01   9.6637344e-01  -3.1680453e-01
   6.6131395e-01  -1.1963890e+00  -3.2511193e-01  -1.6006050e-01
  -4.6210289e-01   1.2877578e+00  -3.3886057e-01   1.1538737e-01
  -1.8424265e-01  -9.8634601e-01   8.6034870e-01  -5.0296736e-01
   1.4208734e-01  -1.2437396e+00  -1.6609582e-01  -6.3665950e-01
  -6.2935781e-01  -3.3229944e-01  -9.8946226e-01  -7.1725172e-01
   1.1202737e+00  -3.8175773e-02  -8.3771193e-01  -2.0437281e-01
  -8.0249151e-03  -2.7859038e-01   1.0638505e+00   8.8912588e-01
  -1.4824755e-01   2.3071800e-01  -1.2071890e+00   6.8373007e-01
   7.0911907e-02  -9.1271573e-01   1.0778109e+00  -1.5655382e-02
  -3.5256032e-02   1.1550826e+00  -7.5668192e-01  -3.0327156e-01
   7.1138704e-01   3.5371137e-01  -9.8911339e-01   6.2487715e-01
  -1.1517643e-01  -9.6313238e-01  -1.0069752e+00  -2.1239445e-01
  -2.4543224e-01  -1.2018602e-01   1.2079334e+00   6.8279964e-01
   8.0303413e-01   5.0934142e-01  -5.0694805e-01  -9.1581184e-01
  -5.1444137e-01  -5.9755927e-01   7.3569101e-01   9.1489428e-01
  -8.8792729e-01  -2.0175506e-01  -8.6656153e-01  -6.4803630e-01
   2.2563471e-01  -1.0014558e+00   6.8015695e-01  -6.9538623e-01
   6.3164228e-01  -1.2592639e+00   1.1700732e-01   3.9900362e-02
  -8.6262083e-01  -6.1210936e-01  -9.2455208e-01   1.6251442e-01
   8.7629265e-01   5.0299770e-01   9.8816752e-01  -5.1277217e-02
   8.1307524e-01  -5.5858070e-01  -5.8963090e-01   8.2415509e-01
   1.1573066e+00   4.0461370e-03  -3.7737745e-01  -7.1986902e-01
  -3.3677205e-01  -5.5423492e-01   6.7805916e-01   1.0581323e+00
  -3.2613080e-02   4.5925245e-01  -1.1852379e+00  -6.1905962e-01
  -1.3142530e+00   2.7229798e-01   4.3458927e-01   9.8617718e-02
   2.8384990e-01   2.4665800e-01  -8.9052573e-02  -1.3603891e+00
   1.3967383e+00  -8.0304630e-02   5.1998749e-02  -1.9992337e-01
   4.5103550e-01   1.2435561e+00   4.0078649e-01  -2.9917419e-01
  -4.0217143e-01  -7.8385520e-01   1.1050150e+00  -5.2641571e-02
   2.4930809e-01   1.7530434e-01   1.1900444e+00  -7.0064831e-01
   1.9435069e-01  -1.0052747e+00   1.2363392e-01  -9.6765959e-01
   7.3898566e-01  -4.0814292e-01  -5.3478885e-01  -1.0006601e+00
  -1.0341382e+00   8.0462950e-01   5.0143969e-01   1.7801093e-01
  -1.9114542e-01  -1.1301124e+00  -8.0745286e-01  -1.8528143e-01
  -8.7677211e-01   5.7759333e-01   6.5258980e-01  -6.8686473e-01
  -8.9635777e-01  -4.0670735e-01   5.0727618e-01   8.7966055e-01
  -1.0232131e+00   4.9430537e-01   2.6896214e-01   7.9771966e-01
   5.3875482e-01  -9.1729499e-02  -7.1007150e-01  -1.0941331e+00
   3.6516750e-01   2.2474375e-01   9.2707354e-01  -9.7809899e-01
  -9.8038113e-01  -8.7226832e-01   4.3486992e-01   2.9814294e-01
  -1.0950198e+00  -3.9854228e-01  -2.0509653e-01   7.7461678e-01
   4.4456318e-01  -8.1567580e-01  -9.5001459e-01  -4.8426107e-01
   6.0605967e-01  -7.6654708e-01  -5.5005020e-01  -8.6170894e-01
   9.6192503e-01   5.1156896e-01   6.5658098e-01  -6.1797965e-01
   3.4475628e-01   1.1081051e+00  -4.9458092e-01  -6.3924646e-01
   8.2977504e-01  -8.0149442e-01   4.8102683e-01  -6.6158390e-01
  -4.1541275e-01   6.4245337e-01  -3.6700174e-01   1.1313689e+00
   4.9881127e-01   7.8329515e-01   8.0747998e-01  -6.9685858e-01
   6.1938578e-01  -1.1453086e+00   4.4139627e-01   3.3135927e-01
  -1.0070144e-01  -1.6641094e-01  -1.1289787e+00  -8.2920057e-01
  -5.7675123e-01  -4.7538707e-01   9.5736939e-01  -7.2443712e-01
   8.7407660e-01  -7.4562848e-01  -3.6941192e-01  -7.3726732e-01
   1.9380511e-01   8.4937938e-02   6.4623141e-01   1.2400041e+00
   4.3909943e-01  -7.7004182e-01   3.6538848e-01   1.0395762e+00
   2.6824409e-01  -9.1997898e-01   5.8277851e-01   8.6142510e-01
   8.4503347e-01  -8.4350276e-01   1.6251758e-01  -7.4027658e-01
   9.4731934e-02  -5.1327103e-01   1.3111926e+00   9.1391101e-02
   7.6908517e-01   4.6253565e-01  -8.6092222e-01   6.7333615e-01
  -5.4962707e-01  -8.6229122e-01   9.4273084e-01   2.5616857e-01
  -4.6084240e-01  -3.6742374e-01   1.1699444e-02  -1.2854910e+00
  -3.3908382e-01  -5.7729912e-01  -8.4003937e-01   9.1982698e-01
   8.1493556e-02   6.7012154e-02  -1.3054295e+00  -5.3359377e-01
  -1.0206570e-01   4.9255586e-01   9.5779049e-01  -9.1082847e-01
  -6.9596010e-01  -1.0910238e+00   5.6871331e-01   4.3261632e-02
  -7.5568414e-01  -6.9527084e-01   2.6129115e-01   9.3662518e-01
  -7.0952153e-01  -3.7641349e-01  -1.1262573e+00   2.9400092e-01
   8.2780212e-02  -1.1142162e-01   1.2575809e+00   6.3184100e-01
   2.8347260e-01  -1.1431055e+00  -7.6540363e-01  -1.6465184e-01
   4.6122071e-01   1.2104235e+00  -2.4419576e-01  -5.1236594e-01
  -1.2517176e+00  -3.8202375e-01  -5.3559691e-01   1.9928567e-02
   4.2424393e-01  -1.1882064e+00  -1.0993850e-02  -6.3879716e-01
  -4.9232033e-01  -6.2498999e-01   1.1541210e+00  -1.8711793e-01
   5.4210013e-01  -3.9943901e-01  -1.2307053e+00   1.7871867e-01
  -3.4138359e-02   9.4385219e-01  -9.7427911e-01   3.9844421e-01
   3.8472104e-01  -1.2732562e+00  -2.3771286e-01  -4.1749403e-01
   2.4795571e-01  -4.6855009e-01  -7.4879897e-01   1.0762337e+00
   3.9945349e-01   1.3026214e+00   3.6734968e-01   9.3106255e-02
   4.8561135e-01  -1.2288667e+00  -2.7654732e-02   5.0329268e-01
  -4.0489361e-01   3.0931342e-01   1.3155944e+00   9.7967640e-02
   2.8809300e-01  -2.9127309e-01  -3.3094448e-01  -1.3124932e+00
  -6.4801735e-01  -1.5166670e-01  -1.2401235e+00  -1.3843487e-01
  -8.0580853e-02   1.1426739e+00  -8.2469469e-01  -8.7646350e-02
   5.9413403e-01  -8.7463534e-01   8.5067624e-01  -3.9795449e-01
   7.7081442e-01  -3.4896237e-01   4.4108233e-01   1.0437990e+00
  -9.8848265e-01  -1.8074436e-01   8.3139911e-02  -9.9162555e-01
  -6.6913426e-01   2.4850528e-01   8.2722083e-02   1.2180564e+00
   3.5241622e-01   6.9945854e-01   1.1356211e+00   3.1132829e-01
  -1.1297952e+00  -3.2134801e-01   7.4952710e-01  -2.4188308e-01
  -6.7054725e-01  -3.0586874e-01  -2.3557389e-01  -1.1837717e+00
   6.7375220e-02   4.9340069e-01   1.1221882e+00   7.0193297e-01
   1.1778734e+00   4.1416287e-01  -5.7276708e-01  -3.3618602e-01
  -1.1864643e+00  -5.4955524e-01   1.9744509e-01   5.0130528e-01
   3.8988873e-01  -8.8069445e-01  -9.7073108e-01   3.6061746e-01
  -1.0637033e+00  -5.1775920e-01  -4.4681381e-02   7.7360481e-01
   1.8585105e-01  -1.0250773e+00  -9.2554724e-01  -2.4091126e-01
  -5.9994954e-01  -6.4288074e-01  -5.6672275e-01  -9.5162493e-01
  -1.0544609e-01  -9.7634053e-01   6.4955157e-01   7.8340495e-01
   1.9381890e-01   3.6345065e-01   5.6139570e-01  -1.2309235e+00
   7.6300311e-01  -6.3737911e-01   1.5667582e-01  -9.9349207e-01
   1.2685118e+00  -1.7567876e-01  -4.9183434e-01   3.4367689e-01
  -5.8115143e-01   9.9172258e-01  -5.1626247e-01   6.4204544e-01
   2.2894682e-01   8.5819997e-02  -1.3926517e+00  -2.7202237e-02
   6.9515455e-01  -1.2030040e+00  -1.1061783e-01  -2.3938499e-01
  -2.7414789e-02  -1.3009896e+00   1.4939810e-01  -5.3324902e-01
  -9.6717358e-01   1.5322037e-01  -8.7634104e-01  -5.2261376e-01
  -7.0813131e-01   3.5956851e-01   1.1366981e+00  -2.7780932e-01
   6.7781121e-01   8.7679446e-01  -3.9988008e-01  -7.8224009e-01
  -1.0908296e+00  -6.8455732e-01  -1.8341337e-01  -5.5482572e-01
   5.2107501e-01   1.6016243e-01   1.2617546e+00   3.3287239e-01
  -8.7264746e-01   1.0416121e+00  -2.9299507e-01  -2.6016226e-01
  -9.8550415e-01  -7.3236024e-01   2.9779810e-01  -6.3541019e-01
  -1.8408589e-01  -1.8078838e-01   1.3410367e+00   3.6748976e-01
  -8.2949930e-01  -7.1367282e-01  -4.4515099e-02   8.9477390e-01
   5.8010280e-02  -1.0097178e+00   4.0732157e-01  -9.0066308e-01
   5.7479411e-01  -7.1609157e-01  -1.0702703e+00  -1.0651693e-01
  -5.7833421e-01  -1.2207146e+00  -3.4867895e-01  -2.3196639e-01
   1.9160199e-01   6.2769495e-02  -4.8417953e-01  -1.3133616e+00
  -5.2689981e-01   2.9062039e-01   6.6614491e-01  -1.0927796e+00
  -1.0425439e-01   3.2253143e-01  -1.3290398e+00  -3.4461239e-01
  -4.1986251e-01  -7.7931207e-01   6.1458987e-01  -9.1578788e-01
  -3.7833950e-01   1.2377667e+00  -5.5782104e-01  -1.1673995e-01
   9.3774724e-01  -5.2662379e-01  -5.3361273e-01  -7.4736530e-01
   3.7372354e-01  -6.1497468e-01   5.4151720e-01  -1.0903651e+00
  -2.9270431e-01   3.4185162e-01   8.5447997e-01  -1.0331147e+00
  -1.0815258e-01  -1.0888735e+00  -3.6424136e-01   8.1852651e-01
   4.3252209e-01  -2.5192091e-01  -5.8948064e-01  -1.1840495e+00
   7.6817733e-01  -4.6604830e-03  -1.1650420e+00   2.2925684e-01
   5.4504484e-01  -4.7632641e-01  -1.1659995e+00   3.4129813e-01
   1.1882973e+00   7.0603240e-01   2.9903987e-01  -6.5481742e-03
   5.4791647e-01  -5.3946418e-01   7.5156420e-01   9.1864967e-01
   1.0913231e+00  -4.7615770e-01  -7.0584345e-01  -2.8995296e-01
   9.2816627e-01   8.3567303e-01  -4.3295071e-01  -5.0270444e-01
   9.1256583e-01  -1.0459701e+00  -2.2390665e-02   2.6957193e-01
  -3.9823232e-03  -9.1413176e-01  -9.4701785e-01  -5.1720852e-01
  -6.4892644e-01   4.4825681e-02   1.2554355e+00   2.7695077e-02
   4.9321026e-01   3.6594681e-02  -1.2237014e+00   5.0789702e-01
  -2.3186526e-01  -5.4599065e-01  -1.1138586e+00   6.3831937e-01
   8.8880166e-02   8.4329873e-01   5.0613251e-02   1.1306572e+00
   4.7524539e-01  -6.9948560e-01  -1.1261697e+00   1.2885439e-01
  -9.2557961e-01  -8.6455095e-01  -5.9654254e-01   1.9997795e-01
   1.2517860e+00  -4.9375921e-01   4.8492100e-02   4.3229863e-01
   9.3539226e-01  -5.6981111e-01  -8.9357919e-01  -4.3278057e-02
   9.6123052e-01  -8.6306453e-01   5.7150465e-01   6.7363337e-02
   4.1806209e-01   1.3362269e+00  -1.8692094e-01  -6.9153920e-02
