   9.5706272e-01   4.1701719e-01   9.1459028e-02  -9.4961190e-01
  -5.9682858e-01  -7.6052994e-02  -1.2789301e+00   4.8473164e-02
   1.2145413e+00   5.4866028e-01   2.4176688e-01   4.0670639e-01
  -3.9278752e-01  -2.6424432e-01  -3.7403938e-01  -1.2790573e+00
   1.4417629e-01  -1.1057012e+00  -1.6802290e-01   8.5346729e-01
  -9.1477543e-01   8.8069338e-01  -5.2939153e-01  -3.2758132e-01
   3.5464981e-01  -1.7498252e-01   1.2008663e+00  -6.3365996e-01
   8.9560688e-01   9.8582417e-01  -2.2639224e-01  -4.1807386e-01
  -7.1363693e-01   7.1521050e-01   9.8352891e-01   1.0893697e-01
   4.5680577e-01   3.8621417e-01   6.3137025e-01  -1.1151407e+00
   7.9232752e-01   3.7375471e-01  -1.0529083e+00   3.5200670e-01
  -6.1227933e-02   1.2343749e+00  -5.9779119e-01   3.3943424e-01
   3.0240521e-01  -2.7205816e-01  -3.6845398e-01  -1.3033714e+00
  -8.7335569e-01  -7.7794719e-01   4.5970985e-01  -6.4862543e-01
   1.1778054e+00   2.8622484e-01  -4.5754179e-01  -5.6701410e-01
   7.9667872e-01  -1.0847294e+00  -2.5102529e-01   3.5447299e-01
