   6.3710862e-01   4.7269235e-03   1.7711812e-01  -1.2500798e+00
  -6.6972822e-01   6.8849635e-01  -4.5353177e-01  -9.3367326e-01
   2.4178439e-01  -4.1832677e-01   1.2505225e+00   4.5026234e-01
  -2.1581243e-01  -3.8730791e-01  -1.2794755e+00  -4.0787306e-01
  -4.4055316e-01   8.1672156e-01  -7.2630668e-01   7.8189361e-01
  -5.1577705e-01   1.0812445e+00  -7.5041479e-01   4.1978229e-02
   1.8218808e-01   1.1758318e+00  -4.3974799e-01  -6.2517887e-01
  -1.1816154e+00   5.4281557e-01  -5.1548785e-01   2.0834830e-01
  -7.4857032e-01   7.8136218e-01   5.7930421e-02   9.0871304e-01
   2.4882974e-03  -1.5907614e-02   2.7073500e-01  -1.3879637e+00
  -5.3315890e-01   7.0224422e-01  -9.6022218e-01  -5.4824078e-01
  -5.0685364e-01   4.3596107e-01   1.1842700e+00  -3.8799787e-01
   4.3120855e-01  -1.1848526e-01  -7.8729838e-01  -1.0863615e+00
   5.8164153e-02   9.5879269e-01  -8.8392746e-01  -5.4406404e-01
  -6.6242659e-01   7.3603161e-02   3.1480151e-01   1.2069273e+00
   8.8967204e-02  -1.7914122e-01  -8.9420944e-01  -1.0772105e+00
  -2.1725576e-01   5.7426387e-01   2.2508647e-01   1.2539366e+00
   3.6019906e-02   1.2732238e+00  -6.0675091e-01   9.7248256e-02
  -1.0309135e+00  -9.0727550e-01   1.8209510e-01   2.8444678e-01
  -9.4112426e-02   9.3756095e-02   6.7020285e-01  -1.2382169e+00
   1.0676031e+00   8.1761271e-01   2.5558847e-01   3.5553864e-01
  -4.8381510e-01  -2.2616766e-01  -1.2777466e+00  -2.8659236e-01
  -2.7901837e-01   9.1512769e-02  -1.3832960e+00  -1.6319932e-02
  -1.1454233e+00  -7.2099525e-01   2.7817705e-01   3.0131149e-01
  -3.3080003e-01   1.1648706e-01   1.0012695e+00   9.3512648e-01
   1.2869519e+00   5.7563663e-01  -2.2351857e-02  -1.0907646e-01
   1.0449097e+00   7.2402042e-01   5.5159134e-01  -2.8232083e-01
   5.6210703e-01  -1.3527104e-03  -5.3658955e-02  -1.2965935e+00
   3.5564877e-02   6.8767554e-01  -1.0222629e+00  -6.9340903e-01
   2.9735696e-01   1.2512081e+00  -1.9940102e-01  -5.5344057e-01
   1.2637359e+00   2.2875744e-01  -2.2063361e-01  -5.4951113e-01
  -1.3373753e+00   3.2680979e-01   1.8036807e-01   2.6849610e-01
   4.8215884e-01   5.0686389e-01  -2.8831959e-01  -1.1947734e+00
   5.2181041e-01  -5.3213716e-01  -1.0780945e+00  -5.3127784e-01
   5.4595029e-01  -6.8852067e-01   1.8357277e-02  -1.1079443e+00
  -1.2693543e+00   5.2109398e-02  -2.9219702e-01   5.4831123e-01
   6.5413344e-01   9.2509228e-01  -7.3370457e-01  -4.2189008e-01
   3.9995059e-01  -1.6623265e-01  -1.3430049e+00   9.3509041e-02
   6.2971574e-01   9.4749224e-01  -6.8370920e-01   4.8811680e-01
  -3.1340721e-01  -2.2439659e-01  -1.1322856e+00   7.5455374e-01
   3.8865376e-01  -5.3925353e-01  -8.1945783e-01  -9.4161713e-01
   2.0235209e-01   8.8174260e-01  -8.3184355e-01  -6.9972855e-01
  -4.2295605e-02   1.1783594e+00  -5.0731480e-01  -5.9355873e-01
  -2.9427791e-01   1.3634236e+00   2.3314282e-01  -1.1015772e-02
  -4.8876470e-01   1.3157128e+00   1.4865504e-01  -8.8943116e-02
  -8.3023781e-01   5.2702659e-01  -8.9604217e-01  -4.7964212e-01
   7.4779040e-01   5.9188271e-01  -1.0160002e+00  -2.4130538e-01
  -4.1858801e-01   1.3071084e+00  -3.3732685e-01  -4.9622461e-02
  -8.6452141e-03  -6.1098003e-01   8.7911767e-01  -9.2400247e-01
  -1.2588203e+00   4.4144672e-01  -4.6852440e-01  -3.1326141e-02
  -6.2234390e-01  -7.9089415e-01   9.8426336e-01   1.3564683e-01
   3.4655899e-01   8.0220467e-01  -7.2186786e-01  -8.4573722e-01
   9.8067862e-01  -6.4087999e-01  -7.8445315e-01  -1.1034217e-01
   7.3100615e-01  -2.7424246e-01  -1.1457577e+00   2.7867600e-01
   1.1806545e+00  -4.0054366e-01  -1.7888981e-01  -6.4313126e-01
  -1.2504600e+00   6.0648817e-01  -1.1740660e-01  -2.3396078e-01
  -6.5975863e-01   9.1859859e-01  -3.6197665e-01  -7.6802868e-01
  -1.0801978e-01   7.7903807e-01  -1.0524443e+00  -5.2325159e-01
   1.2160007e+00   4.6715182e-01  -5.4381174e-01  -8.5907996e-02
  -1.4836758e-01  -1.0164788e+00  -9.4447368e-01   2.2962423e-01
   7.0909403e-02  -1.3288565e-01  -8.7884355e-01   1.0977008e+00
  -2.4845304e-01   6.8243876e-02  -6.9560820e-01   1.2040528e+00
  -1.1037328e+00   7.7462095e-01  -3.9881438e-01   1.5061039e-01
  -3.2400864e-01   5.1693314e-01   1.0307424e+00  -7.5190997e-01
  -4.4284853e-01   1.1289718e+00  -5.2841765e-01   5.0008219e-01
   3.0475378e-01   5.1741594e-01  -4.5233187e-01  -1.1978321e+00
  -4.0952078e-01   6.7378867e-01  -9.2492253e-01   7.2306263e-01
  -9.6758562e-01   4.3072414e-01  -8.8908762e-01  -2.9627371e-01
  -3.3521599e-01   1.2670478e+00  -4.2964172e-01  -3.1245521e-01
   3.5479575e-01   4.9131462e-01  -8.5887355e-01  -9.4607949e-01
   4.4201747e-01   6.7195326e-01  -6.0232162e-01  -9.9514216e-01
  -3.5754237e-01   2.1052581e-01  -1.3008963e+00  -3.6811855e-01
   1.1463063e+00  -2.1154307e-01  -7.5723702e-01  -2.6042941e-01
  -5.8073217e-01   1.1890692e+00  -4.4045335e-01  -2.3423383e-01
  -3.1797588e-02   5.5688882e-01   3.5729674e-01   1.2494811e+00
   2.8114298e-01   8.6421955e-01  -5.1241970e-01  -9.5473003e-01
   3.5885352e-01   7.5356954e-01  -1.0495503e+00   4.4922277e-01
  -4.4165203e-01   3.9300272e-01   9.4702655e-01  -8.6812037e-01
  -1.0023990e-01   8.8349599e-01   1.0750128e+00   2.3180658e-01
  -1.2554707e-01   9.4672233e-01   5.1611263e-01   9.0641207e-01
  -8.6607289e-01   3.1847119e-01   7.3788244e-01  -7.7718943e-01
   1.2834270e-01   1.1235223e+00  -5.4959174e-02  -8.4746993e-01
  -8.0161035e-02   8.2199943e-01  -2.5352439e-01  -1.1196502e+00
   4.7353017e-01   3.3795160e-01  -5.5915636e-01  -1.1614224e+00
   9.5789307e-01   3.1565821e-01  -7.0884931e-01  -6.9306058e-01
  -2.3275340e-01   7.7240247e-01  -1.0100623e+00   5.7358003e-01
   1.2962738e+00   5.3034639e-03  -1.9716531e-01  -5.2987933e-01
   3.8585451e-01   1.9732589e-02   9.7682469e-02  -1.3569027e+00
  -3.6176968e-01   9.6712184e-01   9.6503413e-01  -5.0073221e-02
  -3.0819991e-01   1.0916564e+00  -3.6570442e-01   7.6128793e-01
  -6.0053802e-01   1.2057728e+00   1.7823268e-01   3.9204514e-01
   7.7990246e-01   6.2139086e-02   1.9019788e-02  -1.1779343e+00
   7.4225253e-01  -1.1905435e-02   5.7701719e-01  -1.0563951e+00
  -1.3611740e+00  -2.2724609e-01  -4.7036711e-02   3.0553567e-01
   4.2956081e-01   6.4968210e-01  -1.0536240e+00  -5.3222853e-01
  -1.1036689e+00   5.7927091e-02  -8.9800611e-02   8.7777859e-01
  -5.4423016e-01  -4.1138930e-03  -1.2827398e+00  -2.4160978e-01
  -3.2706302e-01   6.0158092e-01  -1.1522068e+00  -4.5116469e-01
   1.1195943e+00  -3.6822623e-03  -4.8120221e-01   7.1759278e-01
   2.6020047e-01   3.1845713e-01  -1.3530973e+00  -2.9235389e-03
  -8.0931252e-01  -1.5629736e-01  -1.1491055e+00  -1.1863527e-02
  -1.0137310e+00   1.6986565e-01   3.7360999e-01  -8.9661062e-01
   4.3493757e-01  -2.2174086e-01  -5.9412301e-01  -1.1868775e+00
  -2.7166262e-01   6.3530350e-01   8.8729477e-01  -8.5749441e-01
  -4.6218562e-01  -8.8757801e-01  -9.4299567e-01  -3.3067906e-01
  -1.1715640e+00   6.1769491e-01  -1.9521847e-01  -4.5582929e-01
  -7.3026270e-01   7.0567650e-01  -6.5526134e-01  -7.3441786e-01
  -7.0378941e-01  -6.8611562e-01   2.2877634e-01  -9.9075079e-01
  -1.0454493e-01   1.1092829e+00  -5.2428246e-02  -8.6937517e-01
  -6.1236697e-01  -9.2086297e-01  -8.7350094e-01   1.1838210e-01
  -3.6430678e-01  -4.8422709e-02   3.8317744e-02  -1.3650888e+00
   2.7456325e-01  -2.2858599e-01  -1.8554914e-01   1.3557045e+00
  -7.5696248e-01   2.0903064e-01  -6.8813145e-01   9.5382863e-01
  -1.1768799e+00   2.0914893e-01   3.3593503e-01   6.7702150e-01
   1.4254041e-01   8.8381022e-01  -6.5972137e-01  -8.7368721e-01
   1.0861448e-01   1.0988492e+00  -6.7978871e-01  -5.6446493e-01
  -1.0634106e+00   7.3003727e-01   3.4025514e-01   4.6949968e-01
   6.2233862e-02   9.0302521e-01   1.4982407e-01  -1.0762087e+00
  -1.3358716e+00   2.3167446e-01  -4.0214214e-01  -7.4846963e-03
  -1.2684586e+00   4.4599468e-01  -2.7936670e-01  -3.3772168e-01
   4.7484967e-01   6.8650484e-01  -8.1604499e-01   7.9831028e-01
   4.5567209e-01  -1.4818700e-01   1.1121637e+00  -7.3040789e-01
  -3.6038041e-01  -1.9629149e-01  -7.5185800e-01   1.1253024e+00
  -4.4142249e-01   4.4775039e-01  -1.2316091e+00  -2.9631889e-01
   1.3202205e+00  -2.4500965e-01   3.7696591e-01   2.3427492e-01
  -2.9669455e-01   8.8407695e-01   8.7308425e-01   6.0671604e-01
   6.3190943e-01   4.4100991e-01   5.7918131e-01  -1.0347704e+00
   2.1148220e-01   2.4564888e-01  -1.2100800e+00  -6.5623021e-01
