  -2.9034343e-01   3.6136222e-01  -3.5049674e-01  -9.4715762e-01  -7.5503580e-02  -1.8175061e-01   8.1511781e-02  -6.8741269e-02   1.5606230e-01   1.9211204e+00
   1.6201653e-01  -1.1982810e-01   1.3286011e+00  -1.0690336e+00  -1.5571252e-01   2.5493059e-01  -3.2260245e-01  -1.1718544e+00   6.6972202e-01   1.9052413e-01
  -7.7968186e-01  -1.9735922e-01  -8.3889365e-01   9.5003575e-01   1.4082671e+00   5.9893858e-01   5.6626147e-01  -8.4427763e-03  -8.3313391e-02  -2.7789673e-01
   6.8115145e-01  -4.0868926e-01   5.1109833e-01  -6.2356895e-01   2.0618658e-01   1.6273046e-01   1.4153197e+00  -3.3143598e-01  -9.0993738e-01  -8.4201378e-01
  -5.1259750e-01   8.8925838e-01  -4.6771488e-01   1.1976453e+00   5.4846305e-01  -2.0732355e-01   1.0706059e+00  -1.1168665e-01  -5.1426399e-01   7.2554713e-01
  -2.0006873e-01  -6.5204352e-01   6.7944402e-01  -1.3535413e+00   4.6926293e-01  -2.2335255e-01  -3.3354321e-01   1.3096639e+00   9.2375293e-02  -3.6877543e-01
   9.2343122e-01  -9.4262421e-01  -9.3925607e-01   7.4373484e-01   3.5768878e-02   5.6658596e-01  -7.2265476e-01   2.9540119e-01  -6.6709900e-01   6.6826558e-01
   1.0746205e+00  -1.1187000e+00   4.6823138e-01   5.7589316e-01   5.6397825e-01  -2.0736939e-01   1.0718883e+00   6.9818527e-02   1.7305483e-01   7.0566791e-01
  -6.9119580e-02   1.3395084e+00   9.0604764e-01   6.4892399e-01   1.2458412e-01   5.6476337e-01   8.9913702e-01  -4.2759782e-01   2.3449267e-01  -7.6036972e-01
   1.1226125e-02   1.4962167e+00  -6.8187767e-01   3.4140900e-01   3.2526266e-02   6.3108426e-01  -1.2305497e+00   2.0357487e-01  -8.8716567e-02   4.6561900e-01
   6.4059132e-01   6.9001150e-01   1.4000329e+00   5.9311073e-02   1.1478132e+00  -6.5850779e-02  -6.5784985e-01  -3.8979876e-01  -4.6843165e-01   1.5481436e-01
   1.2877125e+00   9.1961372e-01   4.0711850e-01   8.4499128e-02  -5.0968081e-01  -9.7743112e-01  -3.6792132e-01   5.0812685e-01   7.1866953e-01   4.4500551e-01
   6.4289570e-01   1.6464601e+00  -1.3320343e-01   1.0148240e+00  -3.3175830e-02  -7.4352074e-01   5.3280476e-02  -3.5040379e-01  -2.4593228e-01   2.9701054e-01
   2.8987500e-01   4.8215625e-01   9.1745663e-01   4.8298392e-01   6.6277057e-01   1.2193077e-01   9.4838393e-01  -1.4785278e+00  -1.1764872e-01   2.3462451e-01
   5.3589320e-01  -3.2753870e-01  -3.7312147e-01   1.1282429e+00  -5.4035413e-01   9.0355980e-01  -2.2362646e-01  -1.0976254e+00  -4.4181061e-01  -7.9686564e-01
   4.6015397e-01  -3.5663766e-01   1.3359278e+00  -2.6937336e-01   8.5835385e-01  -5.0790966e-01  -4.2250687e-01   1.1638654e+00  -4.9692545e-02   5.2296710e-01
   7.3175699e-01   1.2466680e+00  -3.3662832e-01  -5.8821291e-01   2.4437375e-01   9.3117028e-01  -1.1909999e-01  -9.9562132e-01  -2.9092050e-01   6.5890753e-01
  -7.5422174e-01   4.8928124e-01   3.9570686e-01   1.1522284e+00   5.2813536e-01  -7.5185293e-01  -2.9994628e-01  -1.5267442e-03  -1.2884263e+00  -3.3662668e-01
  -2.3925444e-02   4.9009809e-01   1.1022474e+00  -1.3109957e-01   9.0000397e-01  -4.6009889e-01   6.0080630e-01   2.2470203e-01  -1.3975110e+00  -3.7536725e-01
  -7.5150216e-01  -9.4874614e-01   3.7450927e-01  -4.0339184e-01  -4.5447263e-01  -1.2169580e-01   4.7796133e-01  -2.2425969e-01   3.4623292e-01  -1.6162211e+00
  -1.1663779e-01  -4.8155633e-01  -5.6234312e-01  -8.3370084e-01   6.1243963e-01   1.5007348e+00  -1.9794558e-03   2.6195842e-01  -6.4640337e-01   7.9338557e-01
   6.5102331e-02   2.1653084e-01   4.2295644e-01   6.0416275e-01   1.3831737e+00   6.2946147e-01  -4.4054845e-01   1.2244315e+00  -6.2029135e-01  -1.3229799e-01
   3.4253255e-01   1.0449004e+00  -9.1032362e-01   9.0451139e-01   1.2205528e+00   4.0520102e-01  -1.5708346e-02  -5.6544036e-01   2.5032768e-01   3.2780206e-01
   8.4042788e-01   4.1115198e-01   1.7268746e-01   5.0890279e-01   7.5272191e-01   4.8407885e-01   9.5907789e-01  -3.2187545e-01  -6.7026258e-01   1.2498893e+00
  -3.7366873e-01   6.0050402e-02  -9.3978450e-02  -6.0323507e-01   4.2905799e-01  -7.8497159e-01   8.8489515e-01  -1.6175531e+00   4.3446383e-01   3.0902043e-01
   6.7173338e-01  -5.7459377e-02   4.9122027e-01  -9.2211145e-01  -2.3426469e-01  -4.8199600e-01  -5.7879037e-01   8.4953111e-01   1.4235835e+00   2.8878185e-01
  -8.0240780e-01   5.4914248e-01   2.6335493e-02  -2.3341061e-01   1.5483725e+00  -1.6822413e-01   1.0228734e+00  -3.4816536e-01  -5.9670728e-02   6.3451058e-01
   5.4449886e-01  -1.8464760e-01   6.4666790e-01   4.3498322e-01   1.2491823e+00  -1.1503803e+00  -1.2528130e-01  -6.2534738e-01  -8.4160663e-02   8.7428123e-01
   9.8984408e-01  -5.3716952e-01  -1.9679223e-01  -1.2383913e+00  -5.8425404e-02  -1.1480622e+00  -6.4449555e-01   4.1304937e-01  -4.5924354e-01  -2.0240514e-01
   1.1013215e+00  -5.0874144e-01  -1.4275163e-01  -6.6774464e-01   4.8125899e-01   4.0330172e-01  -8.9591253e-01   1.2313457e-01  -2.3564745e-01   1.3395514e+00
   9.0833336e-01   7.3729920e-01   1.4661072e+00  -6.8445301e-01   4.3909633e-01   1.5064855e-01   8.4878671e-01  -2.0193191e-01   5.6910772e-05  -1.9146390e-01
   3.0300477e-01   1.9384633e+00   5.9864324e-01  -4.2017642e-01   1.7238691e-01  -1.0913656e-01   3.4613285e-02  -1.8284707e-01  -6.9872272e-01   2.2617093e-01
  -7.5430638e-01   8.5195851e-01  -7.3326975e-01   1.5496223e+00  -4.7736174e-01  -2.0300690e-02  -4.3252024e-01   3.5603526e-01  -2.8669465e-01   3.7664393e-01
  -2.2300436e-01  -1.2099578e-01   1.8647662e-01  -9.9154854e-01   1.7476660e-01   1.3563888e+00  -8.2058883e-01  -8.4138018e-01   3.9028221e-01   7.1676069e-01
   5.0276810e-01   1.1333293e+00  -2.9724035e-02  -5.8097076e-01   5.4879898e-01  -4.8517281e-01   1.3330395e+00  -5.2991694e-01   3.8427323e-01   6.1833102e-01
  -4.7599056e-01   8.7785792e-01   4.1842309e-01   1.5630941e-01   6.1278111e-01   1.2499523e+00  -3.8261563e-01   1.5506908e-02  -7.7042562e-01   1.0607620e+00
  -6.0911638e-01   7.6994723e-01   6.8237847e-01   3.4867275e-01   2.9271343e-01  -1.0615433e+00  -4.3214071e-01  -1.3379028e+00  -5.0368571e-01  -7.7211276e-02
  -2.6974604e-01   3.2706702e-01  -9.5695943e-01   5.1221186e-01  -5.1678193e-01   9.6957487e-01  -8.4660637e-01  -6.1377745e-02  -1.0068439e+00  -8.3710766e-01
  -1.4183767e-01   7.6078486e-01   2.9042748e-01   1.5632305e+00   3.2025278e-02  -3.5279489e-01  -9.9230456e-01  -6.7203152e-01   5.4892147e-01  -9.9754192e-02
   4.9424666e-01  -4.9665502e-01  -6.1324203e-01   4.2941010e-01   1.3686130e+00   8.5140181e-01   1.1340789e-01  -1.4206932e-01   2.4540007e-02   1.1475896e+00
  -7.3643678e-01   9.1904128e-01   5.9284770e-01  -1.0611603e+00  -2.9393232e-01  -4.3049937e-01   7.3022789e-01  -8.6641252e-01  -4.5622677e-01   6.0969013e-01
  -8.6124271e-01   1.0882748e+00   5.6438053e-01  -2.5670612e-01   8.3021200e-01   1.3573609e-01   6.4265865e-01   1.0807359e+00  -3.2471764e-01  -5.4348665e-01
  -7.7518068e-02   4.1540077e-01   1.0936414e+00   1.0061045e-01  -5.7012379e-01   1.3812792e+00  -1.0024951e-01  -8.1743300e-01   6.2979126e-01   5.5443829e-01
  -1.3321342e-01   1.1180545e+00   3.8181746e-01   4.5255208e-01   5.5283839e-01  -7.4354410e-01   3.9963979e-01   2.6611105e-01   3.3576724e-01   1.4764366e+00
   6.0808033e-01  -6.8463308e-01   5.7714355e-01   1.3927090e-01  -6.1332822e-01   5.0836563e-01   6.9945872e-01  -1.6132482e+00  -2.8688332e-01   1.7431285e-02
  -3.9273509e-01   1.1419074e-01  -7.4959216e-03   1.6929191e-01   1.2556214e+00   1.5907251e+00   1.0628678e-01  -6.5079552e-01   4.9263284e-01   1.3962041e-01
   7.2510612e-01   3.0046517e-01   8.2209158e-01   4.3364829e-01  -9.3822998e-01  -2.9855916e-01   9.1965443e-01  -7.2863781e-01  -4.5215777e-01   9.8464191e-01
   1.2372228e-01   3.9287859e-01  -2.3267162e-01   2.5031856e-01   7.9269058e-01  -1.4916060e+00   2.5872588e-01   3.2738674e-01  -1.0378455e+00   7.8041834e-01
   1.9632208e-01  -7.2793853e-01   4.2987779e-01   6.5950102e-01  -1.4782865e-01   2.9540259e-01  -5.4690778e-01   4.7246024e-01  -6.8444872e-01   1.6467890e+00
   4.5379871e-01   7.1181154e-01   7.3824227e-01  -9.1514461e-02   1.5889826e+00  -4.9058005e-01   7.0882732e-01   5.3091502e-01   4.2622310e-01  -5.0076853e-02
   1.7540530e+00   9.2949605e-01   5.1396817e-01   1.1575874e-01  -1.8132895e-01   2.5033969e-01   6.4755797e-02  -4.8747036e-01  -3.5287589e-01   5.6557870e-01
   1.7861365e-01   1.3701750e+00  -2.8730467e-01   2.6482506e-02  -1.6988553e-01   1.3040930e+00   3.0523756e-01   9.7500086e-01  -4.7947907e-01   6.5231852e-02
   6.2067753e-01   2.1292780e-01   5.5101496e-01   7.1933937e-01  -4.8582491e-01   6.8395066e-01   9.9234241e-01  -6.0511780e-01  -1.1636025e+00  -5.8280176e-01
   2.5721544e-01  -3.8828340e-01  -9.5935780e-01  -5.2993417e-01   6.1400652e-01  -7.7453203e-02  -7.8339525e-02  -3.4531248e-01  -1.0675957e+00   1.3905889e+00
   1.1349820e+00   1.2691325e-01  -3.8077635e-01  -8.1221598e-01  -6.3398141e-01  -1.2256074e+00   4.6260923e-01  -2.8478453e-01   7.0776534e-01   4.3696225e-01
  -9.6878946e-01   1.4971589e-01   3.5528138e-01   1.6427663e-01   7.8939313e-01  -2.0383942e-01  -1.5294239e-03  -6.6558546e-01  -1.2893803e+00   1.0562291e+00
   6.5058351e-02  -1.7476125e-02  -2.5455993e-01   1.6482282e+00   3.7964836e-01  -1.3376181e-01  -3.2933888e-01  -3.5811326e-01   8.9052275e-02   1.3443736e+00
   1.4247048e-01  -1.0852997e-01  -1.1512259e-01   6.0715306e-01   5.6918666e-02   1.7190337e+00  -2.4773666e-01   8.6454415e-01  -1.6562825e-01   8.8964951e-01
  -1.1236884e-01   1.4015093e+00   2.3592670e-01   1.0643278e+00   6.2384802e-01   7.7067232e-01  -3.6844063e-01   6.4834398e-01   2.5820166e-01  -4.7833082e-01
  -5.0774825e-01   6.7350870e-01   7.9636252e-01   4.5041549e-03  -4.6181408e-01   9.4531369e-01  -1.0150952e+00   1.0477331e+00   6.7388965e-04   6.4754230e-01
   8.0050933e-01   1.6032098e-01   5.7551301e-01   5.1486349e-01   1.8986931e-01  -3.4402755e-01   9.7240144e-01  -9.3741697e-01   4.5210309e-02  -1.3252991e+00
  -9.6132118e-01  -3.1461617e-01   7.2463280e-01  -9.8703444e-01  -4.8621950e-01   3.0947646e-01  -7.8194946e-01   1.8250448e-01   1.1630311e+00   3.8466850e-01
   3.9200580e-01  -1.4000968e+00  -1.9282661e-01   9.4221514e-01   9.8255885e-01  -3.9519376e-01  -4.1727769e-01  -1.9604374e-01   5.5592984e-01   5.6382340e-01
  -4.3032631e-01  -6.6101938e-01   2.9514009e-01  -9.7800297e-01  -2.8763407e-01   3.4825334e-01   4.5379171e-01  -8.6950207e-01  -1.0992641e+00   9.7975481e-01
   1.1707824e+00  -6.2997520e-01   5.2367085e-01   6.1073905e-01  -7.4192351e-01   9.3567973e-01  -3.7843245e-01  -2.7014083e-01  -8.5583228e-01   4.5889366e-01
  -1.1169747e-01   7.3520833e-01  -1.4848894e-01  -2.5330979e-01  -9.0129024e-01   1.8125898e-01  -3.0279171e-01  -1.7537433e+00   4.1792456e-02   5.8868760e-01
  -5.4238481e-03  -2.1146854e-02   9.5079201e-01   1.3228296e+00  -3.8866314e-01  -6.6866821e-01   1.2474051e+00  -1.9392039e-01   1.1840368e-01  -3.7392542e-01
   8.4963131e-01   6.3138443e-01   5.8120447e-01   1.1428844e+00   2.6641151e-01   4.5133565e-02   8.0590194e-01   8.1863391e-01  -3.8286209e-01  -8.3442330e-01
   1.3773346e-01   8.9609158e-01   1.2268763e+00   5.5251873e-01  -8.2061702e-01   6.2825155e-01   1.8328786e-01   1.0598540e+00  -7.7975847e-02  -3.6941713e-01
   1.7212230e+00   1.5982635e-01   1.8460458e-02   1.1570007e-01  -1.7772307e-01  -2.3968221e-01   1.2286328e+00   2.7698812e-01  -5.2871591e-01  -2.0805271e-01
   2.6319277e-01  -1.1725200e+00   9.2708540e-01   9.8921883e-01  -5.9715457e-02  -7.4715126e-01  -5.6978238e-01   7.1407115e-01   8.4204756e-02   5.6075376e-01
   1.4255723e+00   3.5849344e-02  -1.0741253e+00  -2.0916229e-01  -1.5224698e-01   9.7638392e-01   3.1589028e-01  -1.5246294e-01  -2.7063257e-01   7.7213109e-01
   1.0854464e+00   6.0738820e-01   7.3118544e-01  -9.7739741e-02  -1.0030911e+00   3.8448301e-01   4.2701733e-01  -5.7765305e-01   6.2904048e-01  -9.1812974e-01
   1.9068955e+00  -4.8994851e-01  -1.5386653e-01  -1.2042772e-01  -2.9632869e-01   4.5379779e-01  -7.6943010e-01   3.2240728e-01   3.0164191e-01   6.9439881e-02
   5.3439087e-01   1.2807187e+00  -8.6996146e-02  -4.0808606e-01   4.8812911e-01   1.9026014e-01   1.1800476e+00   6.1419666e-01   2.5345844e-01  -8.8973194e-01
   5.5923909e-01   7.6913685e-02  -1.4371626e-01   1.2339743e+00   1.0177943e+00  -6.5639758e-01  -1.7350255e-01  -9.8636025e-01   2.8915066e-01  -7.6459652e-01
  -2.2457375e-01   5.9775971e-02  -1.0688933e-01   2.1133995e-01   7.2302228e-01  -1.2108700e+00  -5.6882894e-01  -3.0147487e-01   1.3903977e+00  -7.4382579e-01
  -4.3144200e-02   4.6809259e-01  -3.3695275e-01   7.2891814e-01  -3.3690974e-01   1.1749399e+00   7.3358476e-01  -5.9072737e-02   4.9165681e-01  -1.3626498e+00
  -4.6872678e-01  -5.1512301e-01   1.1060630e+00   6.5953267e-01   1.3193042e+00   1.9794674e-01  -3.2099420e-01  -4.9899286e-01   2.1297808e-01   8.2428616e-01
   2.2308688e-01  -8.3741641e-01   2.7759531e-01   7.7571392e-01   2.5758383e-01  -2.1187277e-01   4.1096026e-01  -1.3605763e+00  -1.0750626e-01   1.1947056e+00
  -4.1142914e-01   5.5866194e-01   1.1915851e+00  -2.1618304e-01   2.7407184e-01  -5.6615794e-01  -1.3313320e+00   3.5421464e-01  -5.4161888e-01  -6.8198216e-01
  -1.0178088e-02   1.0267107e+00   2.0151857e-01  -1.0229338e+00  -2.1913664e-01   5.5733893e-02  -5.7580411e-01   8.1298876e-01  -8.8116390e-01   1.0191565e+00
   2.5653136e-01  -1.3335499e+00  -1.1392998e+00   6.3941604e-01   4.4514194e-01   4.8146409e-01  -1.6341861e-01  -9.1669226e-01  -2.5641632e-01  -2.9366606e-01
   9.8415524e-01   2.2482298e-01   5.4794669e-02   1.7238094e+00  -5.8665878e-01  -4.4647917e-01   1.6377060e-02  -3.8678917e-01  -1.8186890e-01  -5.2906471e-01
  -6.4510828e-01   1.1540639e-01  -4.9155232e-01  -5.1200134e-01  -4.2545396e-01   7.2938216e-01  -3.0282676e-01   1.1249579e+00   1.4126012e+00   3.2590348e-02
   6.7609549e-01  -4.9539840e-01   8.6414409e-01   1.0084329e+00   9.0554041e-01  -1.0326345e+00  -9.6169591e-02   3.3084866e-01  -1.2206005e-01  -7.1683156e-01
  -4.7979826e-01   2.0539176e-01  -4.5497701e-01   1.0364858e+00   6.2142849e-01   1.5522176e-01  -2.1177466e-01  -1.8642801e-01   1.7113149e+00   1.6682693e-01
   4.8545864e-01   2.3614984e-02  -9.0741771e-01   4.8304510e-01   5.0265104e-01   9.4732773e-01   7.1170819e-01   7.2015208e-01  -1.1613635e+00   4.2782280e-01
   3.7417230e-01   6.4279050e-01   3.6076742e-01   1.5298765e+00  -5.0649285e-01   3.5964063e-01   3.6480039e-01   3.2844988e-01  -9.5418233e-01   6.6245121e-01
  -3.7152626e-02   4.2133206e-01   3.7154931e-01   4.3585323e-02   1.1654043e+00   1.2134022e+00   9.6664912e-01  -1.2667233e-01  -9.4658768e-01  -6.4446479e-02
  -7.8177098e-03   1.2807724e+00   2.8398862e-01  -1.5362370e-01  -4.7301829e-01   1.2657471e+00   1.8815722e-01   2.6089594e-01   1.0897561e+00  -3.7203559e-01
   3.2047433e-01   4.3584195e-01  -5.2651405e-01   4.5463064e-01   1.6406339e-01   1.0446007e+00   1.4991047e+00  -8.7527794e-01  -1.9194661e-01  -2.3463608e-01
  -3.3524466e-01   8.3789307e-01  -1.0493393e+00  -2.4773772e-01   5.1636469e-01   7.4996036e-01   6.8727034e-01  -2.8507200e-01  -5.1994938e-01   1.1704836e+00
   1.2953717e+00   5.1465911e-01  -6.2459832e-01   1.2871786e+00   8.3158702e-02   5.6209123e-01  -1.9259498e-01   7.7091771e-01  -7.4458584e-02   2.2443974e-01
  -3.2311681e-01  -9.8218602e-01  -2.8623244e-01  -3.4605619e-01   1.4084662e+00   4.4435516e-01  -1.0644268e+00  -3.3967087e-01  -9.4550461e-02   5.3914177e-01
  -1.7999269e-01   1.1957340e+00  -1.3310251e-01  -1.6434031e+00   6.6704267e-01  -2.1723807e-01   4.5883927e-01   2.2138549e-01  -2.5512797e-01  -5.0592471e-02
   8.5879910e-01  -4.8247275e-01  -5.4661232e-01  -2.8021711e-01   7.5682271e-01   7.6917756e-01   3.5782522e-01  -8.3855742e-01  -1.2801641e+00   1.3388464e-01
  -1.0377127e+00   8.6449999e-01   1.4341288e+00   1.0287900e-01   6.5098959e-01   2.4397877e-01   2.5993127e-01  -6.1424792e-01  -3.9398390e-01   1.5836909e-01
  -8.3398438e-01   3.3855593e-01  -9.8887408e-01   6.4545649e-01   8.5069335e-01   9.0180004e-01  -8.1570548e-01  -4.3811607e-01  -3.9014319e-01   4.9890751e-01
   4.7327125e-01   1.1725935e-01   2.6759100e-01   1.1829515e+00   1.0527914e+00   9.3146491e-01  -1.0152639e+00  -1.1067116e-01   2.1433491e-01   4.7575271e-01
  -4.7106014e-04   1.5439618e+00   6.8081927e-01  -2.5580201e-01   9.4194186e-01   7.4777907e-01  -2.1800828e-01  -3.5689852e-01   6.1770958e-01   2.9040334e-01
  -9.5046949e-01  -6.5572701e-02  -2.5080672e-01  -5.8640659e-01  -2.0923719e-02   1.1523994e+00  -6.1646104e-01   1.1918693e+00  -6.4174193e-01  -3.8034198e-01
  -2.5258464e-01  -2.4186561e-01   1.5220050e+00   6.4615905e-01   1.0726985e-01   6.2281376e-01   1.6198441e-01   4.6446899e-01  -1.1628493e+00   3.8741222e-01
   1.3659093e-01   1.0057288e+00   6.0686713e-01   1.0360924e+00   4.1797131e-01   2.7311718e-01  -4.7896475e-01  -1.0668263e+00  -4.8562336e-01   8.2184440e-01
   4.2807585e-01   2.2318819e-01  -8.7479913e-01   3.3807573e-01   1.4271225e+00  -9.1301793e-01   4.1408911e-01  -7.1167752e-02   6.3035518e-01   6.6573757e-01
   4.4351676e-01   1.5036428e+00  -2.5821996e-01  -7.0992440e-01   1.3995703e-01  -6.7854859e-02  -4.1908659e-02   7.8480941e-01   6.3699824e-01   9.6126992e-01
   1.0645690e+00   1.9105919e-01   4.7571084e-01   4.0784380e-01   1.7753629e-01   1.1960448e+00  -1.7433487e-01   1.0149843e+00   3.7859002e-01  -8.7840390e-01
  -1.0627569e+00   1.0176399e+00   5.7568286e-02  -5.4922074e-01   8.1629080e-01   6.7095989e-01  -9.5292813e-01   5.8845419e-01   2.0847461e-01   3.4010196e-01
  -8.0086541e-01   2.1016811e-01   7.4274701e-01   9.4849303e-02   4.3751517e-01   6.4135569e-01   5.3182834e-01  -5.3422356e-01  -5.7145160e-01  -1.5020735e+00
   4.5420992e-01   3.7196630e-01   1.3620485e+00   4.2461771e-01   6.4169186e-01   1.4118961e+00  -4.5423128e-02  -3.0729935e-01   7.8530330e-03  -3.4362948e-01
   4.7676422e-02   1.6894558e-02  -4.8347607e-01   1.1185353e+00   6.7492169e-01  -9.5244694e-01  -1.0661219e+00   9.7004908e-01  -1.7071493e-01   2.0770551e-01
  -2.0640515e-01   5.1938629e-01   6.4525867e-01  -6.7695028e-01   8.0288118e-01   6.5190709e-01   8.5405570e-01  -1.0690149e+00   8.7803698e-01  -3.1663823e-01
  -3.7074751e-01  -3.4664098e-02   1.8049064e+00   1.4224748e-01  -6.4547580e-01  -9.3636769e-01  -3.7980935e-01   3.0603230e-01  -1.2735367e-01   1.8939535e-01
  -1.2977907e-01   4.5948419e-01   7.0379293e-01  -9.5617300e-01   1.5952368e+00   3.6341012e-01  -2.6752280e-02   6.0329211e-01  -4.5915395e-01   3.3180416e-01
   2.3148090e-01   4.7075391e-01  -1.1142584e-01  -1.8690492e-01   4.8912352e-01   1.4646153e+00   1.1290110e+00   3.1430107e-01   5.7672071e-01   7.6619893e-01
   1.8161924e-01   6.6016561e-01   5.7600141e-01   1.3018755e+00   1.4205165e+00   3.3272460e-01   5.0498050e-01  -1.8097132e-01  -2.6961914e-01  -1.2456127e-01
  -3.7679920e-01  -7.6353323e-01  -5.7066107e-01   1.4683168e+00  -1.9044380e-01  -1.3027892e+00  -3.2908626e-02   9.1610372e-02  -2.0730659e-01   8.6315431e-02
   1.5950686e-01   9.3974119e-01   7.2593367e-01  -3.8634104e-01  -4.4999373e-01   9.9075919e-01  -4.6333686e-01  -2.2062166e-01  -1.3846225e+00  -2.2488244e-01
  -4.4875658e-01  -1.5261748e-01   2.5142986e-01   8.5317574e-02  -1.6371274e-01   1.0419034e+00  -1.6079699e+00  -6.0241276e-01  -7.9635060e-01   9.9109918e-02
   1.4271136e-01  -1.1340638e+00   2.0377828e-01  -5.2126098e-01   8.9917696e-01   1.8494968e-01   7.6664799e-01  -7.3507541e-01   9.2652118e-01   7.4232197e-01
   1.1785812e+00  -5.3382747e-02  -1.0560027e+00   2.2173132e-01  -7.1362329e-01   8.9884982e-02   8.3568871e-01  -6.2742305e-01   6.4450246e-01  -6.4732826e-01
   9.8851031e-01  -1.7890191e-01   5.4624729e-02   3.9135382e-01  -9.1360450e-01   1.2326763e-01   6.5797395e-01   1.2018077e+00  -8.5584438e-01   6.1244577e-01
  -3.5011426e-01  -3.1167129e-01  -8.6845207e-01   8.1922913e-01   1.2076347e+00  -5.4880160e-01  -1.1128165e+00  -5.1391822e-01   3.0412334e-01   2.0187149e-02
  -3.4169663e-02  -7.8369087e-01   8.7899578e-01  -3.7368959e-01   1.8119612e-01   1.5987947e+00   3.9433753e-01  -3.0285209e-01  -1.9730079e-01   7.7282453e-01
  -1.3888118e-01  -7.0955199e-01   9.9172336e-01   2.6080936e-01   6.2239206e-01  -2.6985064e-01  -1.1143141e+00  -4.7714493e-01  -1.1818597e+00   3.1522065e-01
   1.6275972e-01   2.4864614e-01   6.6982716e-01  -5.6110591e-01   1.0431594e+00   3.7753811e-01  -8.3318897e-02  -1.0531077e+00  -1.0865480e-01   1.3377876e+00
  -1.5660238e-01   5.2623844e-01  -1.8208477e-01  -9.5265239e-01   3.6179313e-01   6.7299563e-01   3.7301022e-01   1.7210131e+00   1.0109265e-01   2.5057307e-01
  -3.1096351e-01   1.4341813e-01   1.2558159e+00   9.4772929e-01  -1.3286781e-01   2.2096655e-01  -4.0239665e-01  -9.5371777e-01  -9.1466796e-01  -6.5792876e-01
