  -8.7369764e-03  -1.9381404e-01   2.3416238e-01   4.4313896e-02  -3.4369022e-01  -7.5075552e-02  -2.4542639e-02  -5.9126186e-01  -1.2088230e+00   4.6336704e-01  -5.6425768e-01   1.4775774e-01  -8.0333340e-01  -1.0414418e+00   1.8995026e+00   2.7816439e-01
   3.0881211e-01  -1.0182210e+00   1.5743430e+00   3.6013427e-01   8.8618934e-01  -1.7656136e-01  -5.8348265e-02  -6.8469232e-01  -9.5594263e-01  -1.0265830e+00  -2.2699736e-01  -9.5700823e-02   6.9389421e-01  -7.3250562e-02   6.1505586e-01  -2.7813819e-01
  -4.8927131e-01   1.1291831e+00   3.1515684e-02   1.2336555e-01  -5.5416625e-02  -4.7467139e-02   6.6167337e-01  -2.5531253e-01  -1.0566217e+00   1.4583941e+00   1.0953087e-01  -6.2966555e-01   7.5690371e-01  -9.5510051e-02   8.7390387e-01  -9.8155755e-01
   6.2313879e-01   2.1874490e-01  -1.3693985e+00  -6.7808807e-01   1.6453123e-01  -2.1730322e-02   1.5596720e+00  -2.2892310e-01   9.8211601e-02   1.3546588e+00  -1.7800413e-01   8.3945461e-02  -4.1969484e-03   7.9835959e-02   8.5680258e-01  -3.0379242e-01
   2.3092663e-01  -1.0523258e+00   9.9636624e-03   4.0334019e-01   9.0587147e-02   5.0266707e-01  -2.4792917e-02   5.8149314e-01  -1.0879954e+00  -3.2954492e-02  -1.5399709e+00   3.2301146e-01   1.1998755e+00  -8.8813174e-01   2.2095993e-01   3.7269539e-01
  -2.1684983e-01  -3.2085046e-02  -6.6457617e-01  -6.8044972e-01   1.2313030e+00   1.2231870e+00  -2.6453972e-01   3.4704140e-01   8.0025780e-01   7.4729627e-01  -5.4554439e-01  -8.5579985e-01  -7.1639395e-01  -8.7823105e-01   1.2982920e-01  -5.6064057e-01
  -2.5510871e-01  -8.2906038e-01  -2.2486046e-01  -1.4073205e+00  -4.2023480e-01   8.8217908e-01   1.1137115e+00  -1.8579894e-01   6.2997365e-01   1.0931947e+00   7.5519882e-02  -6.2337101e-01  -2.6451486e-01   5.6838077e-01  -6.2984717e-01  -4.5911390e-01
   9.8936155e-02  -5.2587467e-01   3.0544335e-01   8.0501026e-01   8.3619940e-01  -1.4688097e+00   1.2396275e-01  -1.0559745e+00  -9.4993871e-01   1.1808858e+00   3.4912881e-02   3.6405781e-01  -1.4025422e-02  -5.8366501e-01   1.7953822e-01  -4.2605335e-01
  -1.8089965e-01  -1.5344599e-01   3.8972057e-02  -6.3417989e-01  -1.2101629e-01   2.0925565e-01   2.6297981e-01   4.4410712e-01  -4.5583579e-01  -8.3250724e-02  -8.5791826e-01   8.6543375e-01  -1.3685577e+00  -9.8504728e-01  -1.4836177e+00  -6.8636638e-01
  -1.0970949e+00  -1.2359838e+00   4.6514532e-01  -8.5165250e-01  -9.6533313e-02   1.3903712e-01   3.6730608e-01   2.9906687e-01  -1.1953278e-01  -1.1303849e+00  -3.6172730e-01   2.7604780e-01   9.3425357e-01   2.5738934e-01   2.4637511e-01  -1.2550553e+00
   1.1562378e+00   1.3929774e-01  -7.5559175e-01   1.1182078e+00   4.3723086e-01   1.8162347e-03  -1.0389146e+00  -1.2761618e+00  -5.3154510e-01   2.2224404e-01   1.0057934e-01   3.6801431e-01   6.5973020e-01   5.2283770e-01  -8.3329326e-01  -2.0695876e-01
  -2.5713691e-01  -8.5449320e-01  -7.6804209e-01  -6.9988206e-02   1.8598284e-01   1.2059733e+00  -8.0515105e-01   6.5976191e-01  -6.1254734e-01   5.5327421e-01   8.0704701e-01   9.7672530e-02  -1.1065257e+00  -1.2471446e-01  -7.4386829e-01  -9.4917661e-01
  -9.0262502e-01   2.1165726e-01  -3.9549819e-01   5.4780310e-01  -6.8612391e-01   7.3644215e-01  -3.6099687e-01   3.9992654e-01  -5.2598983e-01  -1.1612693e-03  -1.7543973e+00  -5.4228050e-01  -9.3126372e-02  -7.6664798e-02   9.5538479e-01   8.9701414e-01
  -1.0023287e-01  -7.9320472e-01  -4.5236742e-01   1.4002088e-01   8.2843935e-01   5.4384851e-01   4.7550222e-01  -1.6977494e+00   3.7541437e-01  -1.2537110e+00   4.4746381e-01   6.4989947e-02   7.5305432e-01   4.1075876e-01   3.5638890e-01   5.1574928e-01
   1.7064413e-02  -4.0466762e-01  -5.5261904e-01   1.4422166e+00  -4.9605820e-01   7.9585411e-02   1.3966516e-01   2.7172823e-04  -1.0676603e-01   2.2859904e-01   9.8544329e-01  -4.6044013e-01  -1.1345201e+00   1.0352632e+00   3.2097164e-01  -1.2124249e+00
  -9.7331554e-01   7.3405541e-02  -7.6061559e-01  -3.0850899e-01  -7.3215264e-01   5.7400215e-01  -1.8656577e+00   1.9311900e-01   7.2103344e-02   5.8378484e-02  -6.2874001e-01  -3.5770038e-01  -3.2478967e-01   1.0320472e+00  -1.5757719e-01  -5.1258576e-01
   7.7184689e-01  -4.1121158e-01  -5.6228167e-01   6.6280222e-01  -1.5013775e+00   6.5798968e-01   2.1647395e-01  -1.9636646e-01   2.2029676e-01  -7.2162345e-02  -4.4520879e-01  -1.0227481e+00   1.1118951e+00  -7.4758446e-01   6.3122177e-01  -4.6431452e-01
  -1.2306079e+00  -3.2871179e-02  -1.8669643e-01  -3.9943188e-01   7.5814873e-01   2.9273286e-01   9.6389905e-02  -1.0866420e+00  -4.0162912e-01  -3.1408873e-01   1.2266402e+00   5.2636099e-01   2.0183194e-01  -8.3737618e-01  -6.8866777e-01  -1.0870600e+00
  -1.8131179e+00   8.3715588e-01  -8.5814977e-01  -1.0975382e-02  -2.5681081e-01  -8.7108678e-01  -4.3238300e-01  -3.7331420e-01  -6.6845334e-01  -8.2989293e-01   2.9951945e-01   5.3190058e-01  -3.5847217e-01   3.4135252e-01  -5.6683922e-01   2.2283658e-01
  -4.4771093e-01   1.0809274e+00  -6.3474452e-01   3.7197575e-01   1.4562362e-01   8.5659701e-01  -3.1569058e-01  -8.7730521e-01  -1.0974037e-02  -2.7183837e-01  -1.3978444e+00  -1.3944597e+00   5.5617416e-01   4.5650709e-02  -2.6207501e-01  -3.3614540e-01
  -7.1611382e-02   2.0381908e-01  -4.8885027e-01   1.7386250e-01   7.5100559e-01  -1.2507515e+00   3.0198374e-01  -1.1570737e+00   1.2566017e-01  -4.5897487e-01  -7.8898877e-02   1.2738223e+00  -9.9085790e-01   2.2691227e-01  -5.9056133e-01  -9.4253707e-01
  -5.3338438e-01  -1.9608408e+00   3.5008106e-01  -3.1607872e-01  -8.0361706e-01   1.3398336e+00  -8.2999095e-02   6.1242723e-01  -1.6432384e-01   1.3332632e-01  -6.2443185e-01  -3.1557393e-01  -3.5388935e-01  -3.5221842e-01  -1.0763890e-01  -1.7340997e-01
  -3.1363603e-01  -1.2552047e+00  -8.8975048e-01   3.7069005e-01   1.7287233e-01   1.0240458e+00  -1.2100191e+00  -3.3925495e-01   4.1021490e-03  -4.2499220e-01  -5.8379352e-01  -9.4218187e-02   7.9072613e-01  -4.1242212e-01  -1.1173321e+00  -4.0636688e-01
   5.0218171e-01  -3.5939169e-01  -5.0345546e-01  -2.0316808e+00   4.0728509e-01   2.9087381e-02  -4.7807145e-01  -6.5307319e-01  -1.8063357e-01  -4.3294266e-01   7.0418805e-02   7.5599122e-01   8.8038200e-01   9.4619729e-02  -6.2591165e-01  -6.6583240e-01
  -2.1198851e-01  -8.7572831e-01   5.9195715e-01   9.0808451e-01  -4.8729363e-01  -1.3852109e-01   3.8871846e-01  -5.8232182e-01   8.2369804e-01   1.0544870e+00  -6.5128374e-01  -7.7224362e-01  -4.6605289e-01   3.7684125e-01  -1.3541381e+00   5.1227957e-01
  -4.3029830e-01   1.8668304e-01   9.6100263e-02  -3.3638987e-01   7.6051718e-01   7.7119654e-01   5.6901842e-02  -9.4718498e-01  -5.1016778e-01   3.4067401e-01  -1.2431681e+00   4.4963741e-01   7.2971660e-01  -1.3132348e+00  -9.3270671e-01  -5.7713777e-01
  -2.5592091e-02  -2.5239944e-01  -3.8625067e-01   1.1143711e+00  -3.1812060e-01   2.6215842e-01   1.3542841e-02  -9.3862540e-01  -1.0286648e-02   3.6767629e-01  -9.6600229e-01   5.8094144e-01  -1.1219876e-01  -6.7068928e-01   4.1749400e-01  -1.8576436e+00
  -3.5294625e-01   6.5997040e-01   2.5650689e-01  -6.0148335e-01   5.3214073e-01  -1.2068902e+00   2.6811743e-02  -5.4665107e-01   3.9195928e-01  -2.7731109e-01  -6.3221037e-01  -1.1983279e+00  -1.4004598e+00  -2.7362740e-01  -6.1659789e-01  -7.0030040e-01
  -2.5063843e-01  -8.9979845e-01  -5.7224035e-03  -8.3608931e-01   7.1327722e-01  -1.8292248e-01   1.7865826e-01   9.0431070e-01   1.4797661e+00  -7.9613954e-01  -5.1073480e-01  -9.8177391e-01   8.7177259e-01  -7.7529214e-02  -1.3009976e-01   4.5314780e-01
  -5.5161491e-02  -5.4865158e-01  -7.3044218e-02  -7.0953548e-01   4.5180343e-02   8.7327158e-01   1.9195363e-01  -6.7045844e-01  -1.0629789e+00  -1.8515189e+00  -1.4589712e-01   5.7669967e-01  -9.1872677e-02  -8.9088577e-01  -4.6717268e-01   6.2236976e-02
  -1.4006197e+00  -5.6949985e-01  -1.6250160e-01  -4.0995246e-01  -6.7514110e-01   9.3096554e-01  -5.6191972e-03  -4.2379770e-01  -1.0684360e+00   4.6654183e-02   8.7315723e-02  -3.3836052e-01   9.8224509e-01  -8.0870926e-01   1.0133530e+00  -3.2522914e-01
  -1.9226027e+00  -7.4647498e-01  -1.9019251e-01   5.8677167e-01  -6.0256416e-01  -1.8039994e-01  -6.1014809e-02   3.6657465e-01   7.6343097e-02  -1.8282627e-01  -5.8675534e-01  -2.3247969e-01  -1.3754386e+00  -3.2874063e-01   2.7512801e-01  -5.6479484e-01
  -2.0250246e-01   2.9797429e-01   2.9885700e-01   5.6982690e-01  -1.0774519e-01   1.0962247e+00  -7.8644782e-01  -3.0989784e-01   1.1576750e+00  -6.7204297e-01  -6.6492699e-02   6.8887490e-01  -3.9589092e-01  -1.2672231e+00  -9.1001916e-01  -8.1657159e-01
  -8.6052984e-01   5.5513825e-02   4.6565288e-01   6.0936365e-02  -1.8968830e-01  -8.8810539e-01   4.8638147e-01  -3.6557874e-01  -7.0850790e-01   6.1525208e-01  -9.7510982e-01  -1.3012774e+00   4.0617642e-01  -1.0108759e+00  -7.5205398e-01   7.5087804e-01
   2.2687809e-01   3.3977827e-01  -4.9424070e-01  -1.6164483e-01   7.2395211e-01  -7.4176449e-01  -1.5397732e+00   1.0916397e-01  -1.1797214e+00   6.4898086e-01  -5.5236822e-01   7.1568781e-01   4.9066055e-01  -1.3217199e-01   3.5926080e-01  -1.0430776e+00
  -4.5198870e-01   4.9732336e-01  -9.8692167e-01   7.3315001e-01  -5.1370144e-01  -1.0025719e+00  -1.7485902e-01   6.0488999e-01  -3.5542953e-01  -2.1971361e-01   3.5534015e-01  -1.0084387e+00  -4.7044641e-01  -1.1614696e+00  -1.2138641e+00   9.8629482e-02
   4.8518285e-01   5.1405114e-01   1.1975495e+00  -6.5471679e-02   3.0413890e-02  -5.9365875e-01  -6.0200758e-02  -8.6080486e-01   1.6554500e-01   1.1120946e+00  -8.9607960e-01   3.5908103e-01  -1.0903625e+00  -1.1448436e+00  -5.1799273e-01  -6.3942308e-03
  -5.7409233e-01  -3.8150623e-01   1.8263878e-01  -7.8344434e-01  -3.2361245e-01  -1.8225216e+00   1.7422292e-01   4.9551830e-01  -2.2897638e-01  -1.5243591e+00  -3.8409650e-01   2.3989758e-01  -2.1174200e-01  -2.6220050e-01   5.3053837e-02   6.9133663e-01
   5.1748335e-01   9.1077495e-01  -4.3591913e-02  -3.9782450e-01   2.3153785e-01  -9.1166371e-01  -7.6240605e-01  -1.7587022e-01  -1.2869419e-01  -1.5522387e+00  -8.8914692e-01   3.7147576e-01   3.7992758e-01  -6.1712142e-02  -1.2232990e+00  -4.9638996e-01
   1.8657055e-01  -4.7657512e-02   4.6081033e-01  -1.3630575e-01  -2.7294534e-01  -3.3040997e-01   2.5122675e-01  -5.0010324e-01  -2.2097859e+00  -2.1020296e-01   7.8633171e-01  -7.9049814e-01  -2.6200444e-01   4.6476763e-01  -6.3590139e-01   6.1281002e-01
   2.5950924e-01  -1.8569642e-01   1.6902277e-01   3.1743619e-01  -1.3662030e+00   1.6410016e-01   1.3284190e+00  -3.6160600e-01   4.6532270e-02   6.7381388e-01   1.0189832e+00   5.5355036e-01   6.9698066e-01  -5.0782508e-01  -3.0251968e-01  -1.1592329e+00
   5.2248288e-02  -4.5287359e-01   3.0275664e-01  -1.2925202e+00  -9.0531749e-01  -1.6159336e-01   6.3597161e-01   6.0401040e-01  -5.0425577e-01  -3.1719026e-01  -1.1835066e+00  -7.7991378e-01  -6.8069094e-01   6.1121476e-01  -3.2697621e-01   1.0522507e+00
  -7.1061581e-01  -2.4372606e-01   6.9903159e-01  -9.6573955e-01   9.9006319e-01  -3.9914188e-01  -1.0391657e+00   2.7219352e-01  -1.0585887e+00   7.8030288e-01  -3.0654532e-01  -4.7732702e-01  -4.0794423e-01  -1.2042422e+00   8.0845498e-02   2.1536747e-01
   1.2404401e+00  -8.9920974e-01  -3.7148200e-02  -1.2315668e+00  -5.1943183e-01   9.3322647e-01   4.2387566e-01  -3.2253492e-01  -5.9597510e-01  -3.4987137e-01   9.9051136e-01  -2.2072957e-01  -8.6638916e-01   6.5549463e-02  -2.7677110e-01  -6.0927361e-01
  -3.7365651e-01  -6.6003948e-01  -9.4911236e-01   2.8677225e-01  -2.3533881e-01  -8.5625374e-01  -2.0561290e-01  -6.5177470e-01  -1.0360484e+00  -5.0966585e-01   5.6171775e-01  -2.7554438e-01  -1.1960400e+00  -9.0073377e-01   5.0317842e-01  -9.8305863e-01
  -1.3889103e+00  -1.6485263e-02  -3.4911072e-01  -1.6350734e-01   1.1183004e+00   5.1814903e-02  -1.1831812e+00   2.3432250e-01   3.4121413e-02  -7.2935283e-01   7.8924441e-01  -1.0722140e+00  -1.7347859e-01  -5.1469505e-01   3.3826432e-01  -7.0628560e-01
  -8.9768454e-02   6.3414705e-01  -9.1605604e-01  -1.6515528e-01  -1.2502730e+00   1.6171544e+00   3.0019306e-02  -1.2499975e+00   3.4676507e-01  -3.6448294e-01   2.6504624e-01   1.6139805e-01  -5.0851101e-01   7.8397714e-02  -5.2929926e-01  -2.9549572e-01
   2.9224683e-02  -8.4530210e-01  -5.6672257e-01  -1.5490986e-01  -3.5509777e-01  -7.8171659e-01   4.7812966e-01   2.7474585e-01  -1.2223886e+00   1.6604179e-01   4.3198088e-01   2.7718481e-01   6.3190067e-01  -3.9203671e-01  -1.7615768e+00  -6.7585802e-01
   1.3135262e+00  -1.7374006e-01   3.1577194e-01  -5.4055262e-02   1.0493865e+00  -4.0873429e-01  -6.1727303e-01  -6.3199401e-01   7.2645545e-01  -9.1892725e-01   3.2785192e-01   7.7576911e-01  -8.9713529e-02   9.7298570e-02   1.1503389e+00   8.1905234e-01
   7.2081017e-01  -5.5807257e-01  -6.2402952e-01   2.8428841e-01   4.7233820e-01   3.3233607e-01   1.6930735e-01   2.7481724e-02  -9.4655547e-03   6.0064918e-01  -2.5587511e-01  -2.0992608e+00  -3.9840543e-01  -6.2253767e-01   5.2759099e-01   8.2335538e-01
  -7.5499809e-01  -2.2336125e-01  -1.4557977e+00  -8.5839778e-01  -8.9312452e-01   5.7606369e-01   8.2147342e-01  -2.4924801e-01  -5.7622415e-01  -1.2337244e-01   6.5260887e-01  -2.0819703e-01  -7.2106761e-01   4.6349150e-01   2.3597296e-01   1.0249314e+00
  -5.2160263e-01   1.5126164e-01  -1.3088962e-01   1.0989630e-01  -6.9976807e-01  -3.3314359e-01   9.1241324e-01  -1.3931733e-01   4.2453307e-01  -2.2337770e-01  -2.9605329e-01  -4.6487620e-01  -8.6477786e-02  -2.1355424e+00   2.5030753e-01  -1.0289397e+00
  -1.1396627e+00  -3.1601399e-01  -1.3934226e-01  -1.2948142e+00  -3.4832782e-01   5.2337515e-01   1.3275178e-01  -8.0400795e-01  -7.2752303e-01  -2.2061357e-01  -2.8087190e-01  -1.0261352e+00  -9.5213741e-01  -7.8673434e-01  -5.0314558e-01  -5.9796590e-01
  -5.0286955e-01  -6.5804619e-01  -1.7184978e+00  -6.1985022e-01   4.7587180e-01  -4.1702386e-02  -3.7068903e-01  -2.0313743e-01   4.2511252e-01  -3.6408445e-01  -1.1661638e+00   4.0169068e-02  -4.1142678e-01   1.4060368e-01   1.0483166e-01  -1.3018910e+00
  -1.3559630e+00  -2.5184131e-01  -1.1545099e+00   1.5013291e+00   2.9643565e-01   6.4888376e-01  -2.6610592e-01   6.4528531e-01   7.0632392e-01   1.8692450e-01  -1.8669653e-01   3.6626363e-01  -2.5049469e-01   1.5658437e-01  -8.3467275e-01   1.6776526e-01
   8.6047125e-01   8.7318599e-02  -8.3866549e-01  -6.3336611e-01   2.5008380e-01  -5.5253702e-01   5.1726735e-01  -9.6401262e-01  -4.2039484e-01  -8.1060141e-01  -9.8887438e-01   4.0589476e-01   3.8778931e-01  -1.2545401e+00   9.1390389e-01  -2.1639545e-01
  -1.5767099e-01  -1.3504993e+00  -8.7076586e-01   4.1012642e-01  -3.3660048e-01   4.9939218e-01   7.6595390e-01  -6.6729099e-01   3.0570522e-01   2.8135943e-01   8.3207506e-01  -7.1325779e-01  -3.9936331e-01  -1.2258160e+00  -8.4640878e-01  -2.7923441e-01
  -1.3143750e+00  -1.2600866e-02   6.7656171e-01   4.4706988e-01   3.4951034e-01  -3.2568580e-01   7.4645728e-01   4.2168340e-01   7.7207178e-02  -9.2291373e-01  -4.6145472e-01   5.1942182e-01   5.0939870e-01  -1.1640301e+00  -1.2960839e+00  -1.2904501e-01
  -5.0898290e-01   6.1515510e-01  -3.7177089e-01   7.9645813e-01  -1.5442391e-01  -5.4249263e-01  -1.4828867e+00   1.4326686e-01   3.3671901e-02   3.0402422e-01  -8.0201620e-01  -1.1676996e+00  -8.4298605e-01  -7.2900730e-01   7.5559747e-01  -3.7284994e-01
  -7.9164112e-01  -1.1388056e+00  -2.3482549e-01   1.7118059e+00  -3.1384692e-01  -1.2121487e-01  -6.0526931e-01  -2.6168320e-01  -1.1951233e+00   5.5847794e-01  -2.0491281e-01  -8.0336750e-01   1.3116015e-01   1.7053521e-01  -1.7855357e-01  -1.9289321e-01
   5.5000842e-01   5.0166512e-01  -9.2933458e-01   1.1235226e-02   1.8365180e+00  -2.3220631e-01   9.5156628e-01  -3.7890768e-01  -8.6387008e-02  -3.0093643e-01  -2.9667852e-02  -5.6890970e-01  -1.0022144e+00  -2.9674405e-01  -2.2944723e-01   7.3387104e-01
   9.8424000e-01  -6.2099850e-01   3.1463513e-01   1.7254463e-01   5.4726315e-01  -1.2386359e+00   4.3300900e-01   2.9442596e-01   6.2205082e-01  -1.2937477e+00   6.1450079e-02  -1.0525414e-01  -1.1237944e+00  -8.6647671e-01   9.5935963e-02  -5.5720884e-01
  -9.8487210e-01  -2.2938481e-01  -2.0199634e-01  -1.1100843e+00  -3.9861745e-01   7.0061487e-01   8.5708779e-01  -4.3068057e-01   4.2250004e-01  -1.1102866e+00  -1.1476396e+00   4.8152786e-01   2.7792603e-01   9.3630835e-02   5.7891268e-01   8.6783564e-01
  -8.4796794e-02   9.3615681e-02  -9.6024327e-02  -1.8073936e+00   3.2651123e-01   1.0832119e+00  -1.6582888e-01   2.1714930e-01  -8.6958820e-01   4.7699013e-01  -7.8076166e-01   5.8823586e-02  -4.1407406e-01   4.2589349e-01   9.1751832e-01  -7.4973863e-01
   2.1883994e-01  -2.0456852e-01   1.3132423e-01   8.7096626e-01  -1.0237037e+00  -6.6872978e-01  -6.2790859e-01  -9.0653646e-01  -1.3555175e-01  -1.2445196e+00  -4.6984413e-01  -1.3167580e+00  -2.8401363e-01   4.8154670e-01  -1.7420065e-01  -7.4731541e-01
   8.8116229e-02  -5.4509634e-01  -6.6680336e-01  -1.9203272e-02  -6.4896226e-01  -5.3149700e-01  -1.7669335e-01   5.4752314e-01  -1.2423744e+00   3.3656394e-01  -1.6338542e+00   7.9462802e-01  -7.0831615e-01   3.9931905e-01   5.8060956e-01  -5.0942099e-01
  -1.2826627e-01   2.2335482e-01  -1.0411265e+00  -6.8010293e-02  -1.1756723e+00   2.5187120e-01  -6.4776522e-01  -6.4393759e-01  -1.0166154e+00   1.0680633e+00  -2.3245011e-01  -6.6950595e-01  -1.4682180e-01  -1.1059729e+00   2.9908350e-02   8.0188882e-01
   5.4048997e-01  -5.2874517e-01  -4.1960406e-01   7.8167713e-01   1.2842639e-01   6.5405869e-01  -1.7879573e-01  -5.9665740e-01   7.6957893e-01  -4.1793397e-01   5.7034093e-01  -2.8013873e-01  -1.9914916e+00  -4.6379611e-01   6.2162721e-01   2.6590672e-01
  -1.5147196e+00   7.2135258e-01   1.3050942e-01   7.3110914e-01   6.5445632e-01   5.9285301e-01   2.2999588e-01  -4.5660940e-01   2.9600367e-01   1.3294632e+00  -6.5127844e-01   4.1640121e-01  -7.3053670e-01  -3.6260471e-01   3.1562120e-01  -6.1246842e-01
   6.1756545e-01  -1.5910320e-01  -1.3437006e+00  -1.1240075e-01  -7.5127548e-01  -1.5698020e-01  -8.9620906e-01   1.1435552e-02  -1.5111390e+00  -4.3485525e-01   8.1326240e-01   8.6771232e-01   2.3208264e-01  -5.6694138e-01  -3.2505265e-01   1.2186423e-01
   4.8185700e-01  -2.0104313e-01  -7.8817034e-01  -6.6257840e-01   9.5660158e-02  -3.8627440e-01  -4.0163532e-01   2.7160755e-01  -1.5835680e+00  -8.6929154e-01  -1.0638217e+00  -1.1894448e+00   3.1371331e-01  -2.5175393e-01  -3.7141168e-01   4.0514100e-01
  -1.0776255e+00  -1.3634745e+00  -2.2577029e-01  -3.3223993e-01   2.3327081e-01  -4.5288959e-01  -5.3211421e-01  -3.2831761e-01   1.3854122e-01  -4.8843291e-01   8.0488734e-02  -1.2827569e+00  -7.6905590e-01   2.1836080e-01  -8.4284127e-01   9.5321995e-01
   9.9325335e-01   1.0169052e-02  -1.2936698e+00  -1.0221040e-01  -3.3052474e-01   1.2084976e+00   1.3397560e-01   7.5773805e-01  -1.2798266e-01   8.2136208e-01   7.3960346e-01  -7.0437327e-02   1.8292320e-01  -1.3550420e+00   1.9194810e-01   1.3436078e-01
  -2.0925915e-01  -1.0542343e+00   4.1035601e-01  -6.9377542e-01   1.1954784e+00  -6.8224192e-01  -4.1412622e-01   7.6557475e-01  -6.0727596e-01  -1.1572030e+00   3.6098665e-01  -5.3982079e-02  -2.7533031e-01  -3.1484011e-01  -9.8863262e-01  -7.4121654e-01
   2.9925397e-01  -8.3429873e-01  -4.0508714e-01  -1.4828717e+00  -1.0119331e+00  -5.0310373e-01  -1.0751890e+00  -5.7382803e-02  -4.1325587e-01   7.3675439e-02  -1.3405947e-01   2.3841788e-01  -1.8301675e-01  -5.4985076e-01   9.7641361e-01  -9.3525714e-01
   8.2196683e-01   1.1224020e+00  -5.7892185e-01   7.6830941e-01  -6.1107969e-01   3.3364251e-01   6.1469930e-01   1.2996592e-01  -4.3418449e-01   4.8053253e-01  -7.0411962e-01  -4.5638028e-01  -1.2944278e+00  -2.1976170e-01   8.9340538e-01  -7.8367430e-01
   7.6787984e-01   1.3564429e-01   3.6276117e-01   1.9314343e-01  -3.4047514e-01   2.1497026e-01   1.2400037e+00  -1.2039152e+00   4.3079352e-01  -8.1584311e-01   2.3611033e-01  -3.3894736e-02  -8.9737755e-01  -6.2911564e-01  -1.2532873e+00  -6.2771136e-01
  -1.0875175e+00   1.2531455e+00  -7.0769799e-01  -9.5978129e-01  -1.9337438e-01   1.9930127e-01  -1.7922509e-01   6.0709494e-01   2.6113290e-01  -1.2708604e+00  -4.2075786e-01   8.0291115e-02  -7.6934481e-01  -6.4834565e-01   1.5331706e-01  -6.6678780e-01
  -4.7108582e-01  -7.3277962e-01   5.8155734e-02  -7.6840055e-01   1.3531176e+00   1.0724397e+00  -8.4236413e-01   2.7039163e-03  -6.8685383e-02  -7.4859512e-01  -5.0097281e-01   3.4624606e-01   6.8654436e-01  -6.3248622e-01   1.0622698e+00   1.4450097e-01
   1.2269973e-01   8.6581194e-01   6.2223125e-01  -1.4914572e+00  -1.7958687e-01   2.1123560e-01  -1.3395683e+00  -3.7312204e-01  -9.5235801e-01  -4.5604977e-01  -1.5408751e-01   3.4195381e-01  -7.8521526e-01  -1.0073510e-01  -7.8910619e-01   3.2881704e-01
   7.5808263e-01  -2.9929441e-01  -8.9300221e-01   3.6763284e-01  -3.5619962e-01   5.1037036e-02  -4.0995902e-01  -8.3237809e-01   5.8400989e-01  -2.0926544e-01  -1.2695096e+00   1.4198025e+00  -9.0543443e-01  -2.4771783e-01   5.6589282e-01   4.4604978e-01
  -3.4166336e-01  -1.2318303e-01  -9.2245996e-01  -2.6446468e-01   1.3869283e-01   7.4529159e-01  -1.2677041e+00   6.0806704e-01  -3.8902754e-01   1.0690800e+00  -7.3344618e-01   1.1642931e+00  -6.3480240e-01  -6.6029418e-01   1.2325314e-01   5.9477252e-01
  -4.3904865e-01  -4.4889635e-01   8.0618119e-01   4.9353568e-03  -6.8760884e-01   5.4295212e-01  -8.2351571e-01  -1.2782161e+00  -1.6769613e-01  -1.2038937e+00   3.9890251e-01   4.4557974e-01  -8.5277402e-01   1.1917016e-02   4.8064119e-01  -1.0404960e+00
  -6.7208499e-01  -2.2458193e-01   1.3227580e-01  -6.1728179e-01   3.7138051e-01  -1.0301368e+00  -1.1536546e+00  -1.4415784e+00  -7.8787237e-01  -6.6732949e-01   2.4793909e-01  -2.1844615e-01   6.1124235e-01  -5.6923717e-01   6.8052155e-01   3.9387527e-01
   7.4906819e-02   8.2869589e-02  -2.7715703e-02  -9.2746949e-01  -1.2788121e-01   2.1038520e-01  -1.5347105e-01   1.1380284e-01   8.5101634e-01   7.1187723e-01   4.2343456e-01  -3.2719883e-01  -7.7489443e-02   2.6186895e-01   3.3819234e-01  -2.3071902e+00
  -1.1796361e+00   8.4019685e-01  -3.9934894e-01  -2.6969987e-01  -8.3719486e-01   1.8349393e-01  -4.4592741e-01   7.7653462e-01  -7.5389040e-01   4.9832407e-01   1.1406460e+00  -5.2623194e-01  -6.6862696e-01   7.0414001e-01   7.4085104e-01  -4.9747539e-01
  -8.3655477e-01  -3.9565787e-01  -7.4100959e-01  -1.0521799e+00   5.3313607e-01   1.4158070e-01  -3.2430720e-01   1.0489784e+00   2.4049613e-01   2.8457859e-01   3.5236579e-01  -8.5100845e-02   4.8225053e-02  -1.4314444e+00  -1.2619710e+00   2.5196332e-01
   1.4547283e-02   9.2958540e-01   2.6968237e-02  -1.2094344e+00  -2.0310380e+00   4.9626124e-01   7.9434812e-02   1.2723045e-02   2.2049677e-01   2.8955466e-01  -5.4957503e-01  -4.2314369e-02  -6.1409819e-01  -3.9567876e-01   5.6607544e-01   6.2724695e-02
  -1.4657103e+00  -4.0316230e-01  -4.1388389e-01   6.8581380e-02   2.4687339e-01   8.1403631e-01  -7.0060974e-01  -1.6878623e+00  -7.6828706e-01  -6.9749683e-02  -6.7421329e-01   3.0604655e-01  -3.1839302e-01   4.2798615e-01  -1.4552423e-01   2.7083324e-02
  -2.0459345e-01   2.5096717e-01   2.3504686e-01  -1.0282097e+00   5.1326090e-01  -5.7906788e-02   9.8653650e-01  -1.0410700e+00  -6.2597823e-01  -5.2504063e-01   1.5957100e+00  -7.3279732e-01  -4.7802547e-01  -3.5092160e-01   5.9380102e-01  -6.1402641e-02
   2.3665285e-01  -6.6240388e-01  -6.2161975e-02  -8.7872452e-01   2.9388103e-01  -4.1092923e-01  -4.8518479e-01  -1.6928173e+00  -7.1093386e-01   6.1074436e-01   2.5358152e-01   7.0714496e-02  -1.2594082e+00   5.1206354e-02  -1.0236101e-01   9.0883625e-01
   3.9479390e-02  -1.3499134e+00   1.8317592e+00  -4.1371965e-01  -2.7567890e-01   7.5959809e-02  -5.4506308e-01  -2.1464691e-01  -3.3427420e-01   3.8519847e-01   8.4348893e-01  -6.7969829e-01  -4.2070404e-01   2.1911874e-01   5.7429445e-01   4.8614237e-01
  -5.9490222e-01  -1.0054461e+00  -7.8206092e-01   1.0567340e-01  -1.2102700e+00   1.5529032e-01  -8.5139179e-01   7.1152580e-01   1.4530464e-01  -6.6729623e-01   1.0207310e+00  -6.5524822e-01  -1.2102269e-01  -8.5478884e-01   7.3869240e-01   2.5250894e-01
  -8.0409922e-02  -1.1902709e-01   1.0592936e+00  -9.6767914e-01  -8.8086283e-01  -2.6812610e-01  -8.1916600e-02   1.8583924e-01   4.2355728e-01  -8.6766362e-01   9.2125064e-01  -3.3205196e-01  -2.3971508e-01  -1.1684992e+00  -9.2782795e-01  -9.2567897e-01
   4.5415789e-01  -1.2540843e+00  -1.1993232e+00   7.9704076e-01   5.4072056e-02  -4.4585234e-01   1.0186671e-01   4.8154333e-01   1.6068499e-01  -1.4959972e+00  -5.2945608e-01  -6.1572236e-01   5.2943075e-01  -6.9151247e-01  -7.8289703e-02   1.2455454e-01
   2.8252745e-01  -1.5436423e-01  -1.5751771e+00   9.7010034e-01  -3.4619462e-01   2.8245112e-01   2.8005630e-01  -1.9790521e-01  -1.2922958e-01   1.1488485e-02  -3.7147230e-01  -1.3621316e+00  -2.3861811e-01   9.7548878e-01  -1.0625441e+00   9.5398977e-02
   2.6525289e-01  -1.6363097e+00   5.3948289e-01  -1.3333287e+00   9.4486840e-02  -4.7542742e-01   9.1837585e-01  -2.6011813e-01  -1.1075721e-01  -1.2261637e-01  -3.9360765e-01  -5.7411462e-01   7.1756154e-02  -1.2249074e+00   1.1459910e-01   8.2295559e-02
  -2.4388552e-01  -1.5335234e-01   1.2767233e+00   6.9391978e-01  -1.2627832e+00  -5.6993133e-01   3.7627649e-01   5.8480352e-01   6.6160774e-01  -1.2600666e+00   4.2287555e-01   3.3454734e-01  -3.8603503e-01  -6.5354049e-01   6.1569083e-01   3.6191398e-01
   8.5486129e-02   1.4755350e-01   5.1312691e-01  -1.0733272e+00  -9.9650168e-01  -2.5405049e-01  -1.1407403e+00   1.0257681e-01   7.0876873e-01  -7.3949033e-01  -1.2170433e-01  -5.5259538e-01   3.1806844e-01  -1.9565865e-01   1.0229386e+00   1.2771047e+00
   6.3786453e-01   3.5657313e-01  -6.6858339e-01   2.7759174e-01   6.0669398e-01   6.9316201e-02  -7.1778096e-02  -3.6790617e-02   1.1742270e+00   2.7420661e-01  -3.7903664e-01  -8.8441545e-01   8.2945496e-01  -1.4502025e+00  -1.1680874e+00   1.6482559e-01
  -1.2015438e+00  -5.0843811e-01  -2.0005088e-02   2.9480132e-01  -4.1691864e-01  -1.0750633e+00   4.7319627e-01   1.3298546e+00  -4.8850325e-01   2.4685273e-01   1.3548572e-01   8.6616004e-01   2.2875887e-01  -7.5287658e-01   1.0708780e-01  -1.0907257e+00
  -1.2508293e+00  -1.1760886e-01  -1.3267872e-01  -1.5418601e-01   2.3180808e-01  -4.3152526e-02   7.9537213e-01  -4.6705890e-02  -1.1503934e+00   1.1150193e+00   9.0200567e-01   2.1301755e-01  -1.0055655e+00  -9.9585515e-01  -3.1147569e-01   4.0528038e-01
   5.9793484e-01  -2.9669136e-01   8.0221981e-01   4.5718971e-01  -5.8956695e-01  -7.9357940e-01   6.8883353e-01  -8.7481600e-01   4.1989687e-01   1.0494598e+00  -5.8866107e-01  -1.1835796e+00  -4.2121038e-01  -4.1249048e-02   7.4468565e-01  -8.5204399e-01
  -4.9653998e-01  -7.6419532e-02   8.3485329e-01  -6.1283779e-01  -6.0271728e-01  -5.0938791e-01   1.1932429e+00  -4.7761926e-01  -7.9153097e-01   7.2933966e-01  -1.8231714e-01   3.4856319e-01  -1.0018940e+00  -1.0883479e-01   1.1273181e-01  -1.4348609e+00
   2.1782368e-01  -3.3722168e-01   7.9983574e-01   6.8662792e-01  -1.6984834e-01  -1.0541861e+00  -8.1513786e-01   3.1841647e-02  -9.6118814e-01  -7.7005750e-03   6.1846936e-01   2.3153608e-01  -1.3343318e+00  -1.1772279e+00  -2.3965159e-01   5.8157039e-01
  -6.4726692e-01  -1.0406454e+00  -6.6884071e-01   5.9300786e-01  -1.8990541e+00  -1.7166530e-01   4.2774945e-01   1.1449541e-01   6.7011127e-03  -4.5862123e-01  -3.4017080e-01  -1.2245079e-01   2.1892829e-01   4.0460028e-02  -8.6723775e-01   8.5110849e-01
   6.4144897e-01  -2.3057331e-01   4.5070288e-01   7.0733285e-01  -1.0612495e+00  -1.5328507e-01   3.2550249e-01   5.7793832e-01   4.3747169e-01   5.7043505e-01  -6.1882836e-01   1.1221874e+00   3.9509438e-02  -1.7300383e+00   1.7803183e-01   2.3852839e-01
  -9.5215422e-01  -5.1363134e-01   7.5079918e-02   1.2767146e+00  -9.2802554e-01   3.0654091e-01  -1.3032332e-01  -1.3681889e-01  -6.7959487e-02  -9.8277378e-01   7.6298559e-01  -1.6349810e-01   8.8927698e-01  -6.4005083e-01  -3.9555421e-01  -1.1255054e+00
   1.9760548e-01  -9.2817402e-01  -2.3490499e-01   5.4766119e-01  -2.9347578e-01  -3.9884722e-01   1.0774790e+00  -5.5248207e-01  -1.2954013e+00  -2.3545437e-01   4.4262743e-01  -2.6093823e-01   8.7638086e-01   5.7113612e-01   7.7321464e-01  -1.1590149e+00
   2.7215403e-01   2.3580648e-01   2.5050849e-01  -1.2638257e+00   1.3800782e+00  -6.4031988e-01   1.4607789e-01  -1.4928490e-01   2.4817741e-02  -1.4218659e+00  -4.9068215e-01  -8.2093108e-01   2.2317943e-01   2.6003620e-01   8.5255945e-01  -2.6601908e-01
   7.0776016e-01  -3.5792392e-01  -1.9343513e+00  -5.8296031e-01   4.2364895e-02  -5.0007099e-01  -6.2471068e-01  -1.1093101e-01   3.6987278e-01   2.4571374e-01  -5.5833453e-01   3.3547190e-01   1.2758044e+00  -4.1577894e-02   2.8821155e-01   5.4867256e-01
  -9.2078018e-01  -4.0401804e-01  -1.4499989e-01   3.9922705e-01  -8.0788177e-01  -1.0287040e+00   1.2744984e-01  -6.6041201e-01  -1.0213857e+00  -7.7760339e-01  -1.3306811e+00   2.1567553e-01   9.0658510e-01  -3.7625879e-01   9.9151293e-03  -4.6534288e-01
   3.7717000e-01   5.5423802e-01  -1.2220559e+00  -8.2275814e-01  -8.1495249e-01  -8.5023969e-01  -4.9087343e-01  -9.1700447e-01  -5.6619716e-01   9.3006724e-01   4.0000761e-01  -5.8078760e-01  -2.1571016e-01   2.8684056e-01  -4.7589144e-01  -9.3439603e-01
  -2.4153134e-01  -7.9517281e-01   9.0898782e-01   1.1449172e-01  -5.6213993e-01   1.2603464e+00  -9.3516648e-01  -1.1214759e+00   7.0477647e-01   5.5560809e-01   2.9056647e-01   5.4205877e-01   5.0393605e-01   3.6384553e-01  -8.8172579e-01   2.9297224e-01
  -5.8008730e-03  -7.1064824e-01   1.0160993e+00  -2.5632635e-01  -3.0438983e-01   1.7291269e-01  -1.0605490e+00  -6.7513639e-01  -2.8644982e-01   1.1076611e+00  -5.7439834e-01  -9.7343165e-01   1.4638236e-01  -2.2873107e-02  -7.8581583e-01  -1.2115002e+00
  -6.6597313e-01   4.8570284e-01  -1.1747961e-01  -1.0226049e-01  -1.0421007e+00   3.6356682e-01  -1.1414512e+00   9.4295979e-01  -2.1548703e-01  -5.1056880e-01  -6.6619688e-01   5.5145943e-03   7.5893158e-01  -1.4371667e+00  -6.6364080e-01   2.3079304e-01
  -5.8499801e-01  -1.8640794e-01   1.1583061e+00  -1.1339188e-01  -1.7731917e-01  -4.4290921e-01  -5.6731784e-01   6.6284418e-01   1.1850015e+00   5.9514803e-01  -3.6794207e-01  -9.3787688e-01   7.9876196e-04  -1.5667236e+00   2.8130295e-02   2.2547124e-01
  -1.2908287e-01   7.7494115e-01  -1.3717222e-01   1.3247637e-01   2.8916898e-01  -4.6220243e-02  -7.2269654e-03  -2.8779763e-01  -1.6829352e+00  -3.4485447e-01  -5.0642407e-01  -2.9504317e-01   1.5326864e+00   1.5229452e-01   1.0714653e+00   6.0227293e-01
  -1.2896836e+00   2.4028853e-01   4.5454162e-01   5.1255614e-01   5.8544618e-01  -4.3913266e-01  -1.5798749e-01  -8.6906374e-01   5.5327439e-01  -1.0606784e+00  -1.0019757e+00  -7.2752684e-02  -7.8119136e-02  -7.9962778e-01   1.0122821e+00  -6.1904585e-01
  -2.5863713e-01  -1.3427159e-01  -8.0110669e-02  -5.2823496e-01   2.6438811e-01   1.0713723e+00   1.1142728e+00  -1.6254847e+00   3.7335011e-01   5.4273367e-01  -3.8047013e-01  -6.5190971e-01  -5.9080738e-01  -6.2563068e-01   8.7575918e-01   1.3026543e-01
  -4.0340528e-01  -1.0993007e-01  -1.2484652e-01  -2.1138018e-01   5.0467700e-01  -1.7276832e-01   2.0809121e+00  -2.9650351e-01  -1.6767502e-01  -3.5522181e-01  -1.3644388e+00  -6.1755359e-01   2.5668857e-01  -2.0351592e-01  -1.9454738e-01  -7.2092557e-01
   6.7033333e-01  -8.4874034e-01  -1.1087660e+00  -5.5585086e-02  -1.2070905e+00   7.1839191e-02  -7.2371274e-01   2.7123928e-01   3.0773464e-01  -4.8984164e-01   4.5765951e-01  -2.3849310e-01   3.6187011e-01   6.8255496e-01  -6.0270101e-01  -1.4061389e+00
   4.1116607e-01  -1.0256425e+00  -9.3642789e-01  -3.8601100e-01  -9.0391636e-01   6.9452429e-01   8.9126879e-01  -1.3226087e+00  -5.4155332e-01   1.6498879e-01  -7.6725346e-01   5.8340359e-01   7.3511523e-01  -1.1263811e-02  -2.5562754e-01  -2.3368813e-01
  -7.8109449e-01  -5.1968724e-01   1.9981596e-01  -8.4719306e-01   9.0103768e-02  -1.2686468e+00  -2.4648039e-02  -1.2134715e-01  -8.0381888e-01   3.1280681e-01  -4.4594821e-01  -1.2330983e+00   5.0739169e-01  -2.0834513e-01   5.2832979e-01  -1.2984139e+00
  -1.7044482e-01   2.9949486e-01  -1.0617229e+00   1.0798672e+00   2.4921328e-01   1.1869607e+00  -4.7654498e-01  -6.7789370e-01  -7.3727429e-01  -5.5214971e-01  -2.2951996e-01   6.1295491e-01   5.7528138e-01  -1.0392944e+00   8.3697969e-01   2.0448279e-01
  -3.5226274e-01  -7.2140384e-01  -1.1363853e-01  -4.6786794e-01  -1.2910038e-01   9.4603240e-01  -3.1812897e-01  -9.1005361e-01   1.5869986e+00  -8.3490008e-01  -1.8560870e-01  -1.0793754e+00  -2.9659092e-01   5.6600746e-02  -5.6591296e-01  -6.7533231e-01
   7.5826091e-01   1.5164824e+00  -6.5715718e-01   5.1142108e-02   1.8232116e-01   5.5520903e-02  -1.4515326e+00  -7.8692371e-01   5.2297831e-01  -1.6027769e-02  -3.8577840e-01   8.6017840e-02  -8.6351609e-01   6.8378180e-02  -1.0706462e-01  -8.5822201e-01
   1.3555154e-01  -7.1330935e-01  -1.2065529e+00  -5.0736004e-01  -1.0068009e+00  -1.3447175e+00  -1.0511843e-01   8.3360732e-01   2.2346744e-01   3.6690477e-01  -5.6045884e-01  -7.6490872e-02  -6.3531673e-01  -8.9560074e-01   2.9040429e-01   6.6119695e-01
