   4.1222340e-01   6.8970913e-01  -1.7473052e-01  -1.0876614e+00  -3.9117992e-01  -5.6252849e-01   7.4137783e-01  -6.5055746e-01   1.1835818e+00  -5.1589942e-01   3.5965958e-01   8.8915759e-01  -1.0533047e+00   4.5641754e-02
  -1.3562549e+00   8.4305125e-01  -4.3066391e-01  -1.8737556e-01   6.3627768e-01   1.3360550e-01  -1.0651867e+00   3.9509505e-01   1.1683116e-01   8.5736120e-01   3.4846577e-01   1.5860872e-01  -1.2709471e+00  -7.2276637e-02
   2.0982556e-01   1.2580653e+00   3.1389177e-01   7.0438272e-01   5.2678055e-01   9.8691978e-02   8.1853378e-01   4.1697389e-01  -1.0221509e+00  -1.4621934e+00   3.3303508e-01  -3.8317397e-01  -4.4104558e-01   1.1135980e-01
  -6.1470574e-01  -2.2150869e-02   8.6127108e-01  -9.7777879e-01   3.7364525e-01   1.7486513e-01   7.2925317e-01  -1.1478602e+00  -5.7473361e-01   1.2907156e+00   2.0412081e-01   5.0857192e-01  -3.4166622e-01  -7.0065159e-01
   1.3008751e+00   6.6293216e-01   2.0462342e-01  -7.8673556e-02  -9.4628114e-01   9.1409677e-01  -1.4599746e-01   4.7746003e-01   5.7257366e-01   5.0492924e-01   3.8509005e-01   1.2001445e+00   2.0376439e-01  -7.9178596e-01
   7.4071062e-01  -2.9931486e-01  -1.2133642e+00  -7.2262430e-01   1.3231047e+00   2.3795795e-02   8.0438608e-01  -4.5731881e-01  -3.3631968e-01  -8.0507737e-01   5.4989994e-01   1.7642808e-01   3.8983071e-01   7.1639699e-01
   3.3174658e-01  -7.9113114e-01  -9.5212454e-01  -1.9145316e-01   1.4951153e+00   9.6274465e-02  -5.9753031e-01   6.9292468e-01   5.4569405e-01  -6.0109507e-02  -8.9178872e-01  -5.6729931e-01  -9.0552843e-01  -2.3283739e-02
  -6.9971144e-01  -2.1597768e-01  -3.6672361e-02  -2.8570881e-01   1.1610905e+00  -5.9600776e-01   1.0896882e-01  -3.1642637e-01   7.9772174e-01   2.2772659e-01  -8.7221414e-01  -4.3064836e-01   9.0980524e-01  -1.4502572e+00
  -2.4687907e-01   3.9957139e-01  -3.2408014e-02  -2.2656445e-01  -3.6683121e-01  -9.7598726e-01   7.0146590e-01   2.2199059e-01  -3.3421847e-01   2.5918612e-01  -1.6666479e+00  -2.9393050e-01  -1.4330941e+00   4.2577267e-02
   2.0388508e-01   3.1778488e-01   7.6920621e-02  -6.9496679e-01   1.1490677e-01   7.1112406e-01  -7.8098691e-01   5.6362969e-01  -1.4895056e+00   6.0944253e-01  -9.6561480e-01   1.9027127e-01  -5.0864494e-01  -1.0510212e+00
  -2.2357531e-01  -1.5275193e+00  -4.2267543e-01   4.8794886e-01  -8.0241221e-01   5.2303135e-01   1.3845256e-01   3.2302898e-01   6.2338841e-01  -2.2849189e-01   1.1155710e+00   4.3689650e-01  -9.0924162e-01  -6.7534292e-01
   9.0290892e-01  -3.5751119e-01   1.0174118e+00  -9.3036777e-01   1.3962826e+00   1.2567821e+00   3.3978045e-01   1.7607342e-01   1.5797460e-01   7.0714660e-02  -3.2451394e-01   1.3952781e-01   5.0314367e-01  -2.6978597e-01
   7.2579569e-01  -4.8005015e-01   1.4447464e+00   7.6703203e-01   5.6222641e-01  -1.1119909e-01   2.6741627e-01  -9.8966032e-01   5.4191357e-01   1.0040984e+00  -4.9202999e-01  -5.8124286e-01  -2.5924778e-01   4.8857835e-01
  -8.0539626e-01  -4.0324551e-01   8.4070200e-01   7.4039477e-01   1.0544463e-01   6.6878229e-01   1.6579469e+00   7.2900873e-01  -2.8859848e-01   8.3199000e-01   2.8378412e-01  -7.6469801e-02  -1.1070265e-02   5.7717925e-01
  -4.2164609e-01   7.7707070e-01  -7.1048492e-01  -1.1478887e+00   3.5047260e-01   1.2436780e+00   9.6731645e-01   8.7168413e-01   3.2044941e-01   6.3722648e-02  -2.8955710e-01  -4.3584496e-01  -4.3919304e-01   6.7630988e-01
   1.1624126e+00   7.9228431e-01   6.8527818e-02   8.6023885e-01  -5.4003429e-01   6.0613084e-01  -6.3598901e-01  -1.0788876e+00  -5.4432261e-01   7.3722333e-02  -2.7410823e-01  -1.1127206e+00   4.7530597e-01  -4.5600724e-01
