   5.9281939e-01   1.5998648e-01  -9.7873038e-01   8.1550980e-01
  -3.6346176e-01  -1.3209604e+00  -3.3796629e-01  -9.3477443e-02
  -5.1618874e-01  -1.2639352e+00   3.6535230e-01  -5.0348040e-02
   6.9701529e-01  -1.0296674e+00  -5.4139096e-01  -4.0106198e-01
   8.5049146e-01   7.8414792e-01   7.9433173e-01  -1.7553805e-01
  -5.9019911e-01  -3.6641911e-01   1.1287248e+00   4.9333817e-01
  -1.1422682e+00  -6.3308024e-01  -5.4089069e-01   4.3243930e-02
   1.4260414e-01   1.8103921e-01  -4.8957083e-02   1.3944504e+00
  -3.8625759e-01  -4.7516209e-01  -1.2428137e+00   2.8361964e-01
  -6.5070117e-01  -2.3422904e-01  -1.2085323e+00  -2.4733454e-01
   9.7139603e-01  -4.2028320e-01   6.2964284e-01   6.9519889e-01
   2.9041803e-01   9.7947210e-01   8.9709991e-01   3.8923469e-01
  -3.4878772e-02   3.2279351e-01  -9.2045188e-01   1.0234042e+00
  -9.3267834e-01   5.2977175e-01   3.9604276e-01   8.3222777e-01
  -6.8491012e-01  -1.2179906e-02  -9.5106548e-01  -7.9134327e-01
   5.6875271e-01  -4.5220297e-02   7.4786860e-01   1.0560151e+00
   7.5079232e-01  -2.8332725e-01   7.1753848e-01   9.1715586e-01
   5.9969860e-01  -3.6944327e-01   1.0669581e+00   6.0454422e-01
  -7.8103498e-02  -1.1462197e+00  -7.0808798e-01  -4.2271924e-01
  -2.1832883e-01   2.6457148e-02  -4.5878661e-01   1.3195255e+00
  -1.0577427e+00   2.4490258e-01  -7.9514349e-01  -4.3468359e-01
   1.2620686e-01   3.0181566e-01  -1.3581375e+00   2.2009401e-01
  -1.0720946e+00   6.1941785e-01   4.2147431e-01   5.3786087e-01
  -9.1447663e-01   9.8758504e-02   3.4667373e-01   1.0167580e+00
  -7.2334689e-01   6.8890071e-01  -2.7381977e-01   9.6291631e-01
   1.1288816e+00  -8.3148009e-01   1.5322872e-01   1.0386503e-01
  -1.3643421e-01  -5.3338129e-02   1.4239962e-01   1.3993796e+00
  -1.8180403e-01   3.3083020e-03  -1.6270217e-01   1.3930055e+00
   6.8128604e-01   1.1816567e+00   3.7003434e-01  -5.1098533e-02
   3.5099503e-01   1.1975558e+00   5.7348095e-02   6.6285282e-01
  -1.0653292e+00  -8.1460416e-01  -2.8890129e-02   4.4794977e-01
  -5.9819126e-01  -1.2701532e+00  -1.0580790e-01  -1.3297713e-01
   3.9468989e-01   1.0070248e+00  -2.0680402e-01   8.8732934e-01
   3.1685762e-02   2.7719614e-01   1.3483996e+00  -3.2245430e-01
  -3.9445174e-01   2.6574591e-01  -8.2739961e-01   1.0436460e+00
   1.9784179e-01  -5.7023000e-02   1.3762641e+00  -2.5200057e-01
   4.6232137e-01  -1.1561093e+00   6.4250171e-01   1.9199331e-01
  -6.1808378e-01  -5.0537634e-01  -1.1672347e+00   1.1423573e-02
   3.8633457e-01  -7.4751306e-01   5.5955595e-01  -9.8937714e-01
   8.9553706e-02   1.5718788e-02   1.2861052e+00  -5.8109105e-01
   7.2524804e-01   1.1419991e+00  -3.5791036e-01  -2.0433664e-01
  -4.5489591e-01  -7.3976350e-01  -1.0939687e+00   2.2147715e-01
   8.7734558e-02  -1.2188499e-01   1.4038751e+00   8.1124462e-02
  -8.1789786e-01  -8.7793005e-01   4.1214749e-01   6.2483287e-01
  -1.0964335e+00  -7.5620055e-01   3.3451408e-01   3.3777887e-01
  -5.3204262e-01   1.0522933e+00   2.5086933e-01   7.3937416e-01
  -6.3875437e-01  -1.0401064e+00   4.5515427e-01  -5.5045986e-01
  -5.6871295e-01  -6.6838741e-01   3.6647743e-01  -1.0466700e+00
   4.3777472e-01  -1.5808271e-01   1.2654049e+00   4.2674759e-01
   8.1351542e-01   2.8699946e-01  -9.4060218e-01   6.0917270e-01
  -1.0260336e+00   5.3148586e-01  -1.9895621e-01  -7.9069209e-01
   9.5664203e-02   1.0898921e-01   1.1233487e+00  -8.4679246e-01
   1.2701254e-01  -1.2367448e+00  -4.3753052e-01  -5.1273489e-01
   3.7652642e-01   2.4908206e-01  -2.8992504e-01   1.3084837e+00
   2.3575531e-01   2.9908109e-01  -6.3228470e-01   1.2063109e+00
   2.1280548e-01   2.1229026e-01   1.3817022e+00  -2.3366569e-02
  -8.1017023e-01  -5.5530256e-01   4.7329757e-01  -9.0069568e-01
   2.7341411e-01   4.8017344e-01  -1.0134004e+00  -8.1712776e-01
  -1.2110624e+00   4.9996930e-01  -1.7772949e-01   5.0176769e-01
   3.8314220e-01  -1.0617797e+00  -6.5784293e-01  -5.4135793e-01
  -9.7480941e-01   5.3955644e-01  -3.2811761e-01   8.0682355e-01
  -1.5645759e-02  -2.7838001e-01   1.2919364e+00  -5.0315028e-01
  -4.5943595e-02  -6.6063708e-01   9.3640673e-01  -8.2739979e-01
   8.4314488e-02  -6.8954158e-01   3.7278473e-01  -1.1740762e+00
