  -9.7948128e-01  -3.7975132e-01   2.1222675e-01  -2.6592728e-01  -4.4717506e-02  -9.4138670e-01  -1.9883789e-01   2.6986626e-01  -9.0333974e-01  -4.7606489e-01   5.1463896e-01  -1.5724382e+00
   1.2330317e-01  -4.2435643e-01  -4.0061638e-01  -6.4184970e-01   2.3205985e-01  -1.7105101e-01   8.7116170e-01   9.9546391e-01   2.9880437e-01  -1.0870724e+00  -8.3614039e-01   1.1954623e+00
   2.8419715e-01   2.6718518e-02  -9.1476220e-01  -2.6422027e-01  -9.7911894e-02   6.5085214e-01   4.3402657e-01  -6.2600821e-01   1.0721205e+00  -1.5696710e+00   1.5137808e-01   6.0185534e-01
   9.4559473e-01   5.8528894e-01   6.7389935e-01  -6.6201693e-01   1.2007742e+00   5.9142627e-02   4.1121438e-01  -1.3581319e+00   9.3047321e-02   4.8590550e-01   1.8335892e-01  -3.6540812e-01
   8.1174791e-01  -3.6824179e-01   3.4091800e-01   4.6071142e-01   3.8963494e-01  -1.6127210e+00   5.9092492e-01   1.8856812e-01   2.3470977e-01  -7.6368368e-01  -7.9563320e-01  -6.8426228e-01
   8.0526501e-01  -1.9021334e-01   7.7049100e-01   9.2898667e-01   1.3334569e+00  -1.8050869e-01   5.8447022e-02   8.6722833e-01   6.7342564e-02   9.2185265e-01   3.0381852e-01  -5.8808953e-01
   6.1092812e-01   1.6666812e-01  -1.7352703e-01   1.5755391e-01  -1.8438387e-01   7.1740687e-01   1.6302198e-01  -1.5226605e+00   1.5031492e+00   1.8347499e-01   5.7730204e-01  -1.5464462e-01
  -7.1579039e-02  -9.4907975e-01  -6.8037605e-01   6.4330500e-01   6.1892927e-01   7.0705503e-02  -6.8094037e-02   8.9397848e-01   4.4665986e-01   1.5110190e+00  -7.2016329e-01   1.5538894e-01
   1.0887165e+00   1.0627395e-01   1.3051585e+00   1.0589345e-02  -1.5512034e-01   6.9215894e-01  -4.3522337e-01  -1.1344641e-01   5.5627042e-01   3.5526931e-01   1.3609701e+00   3.2637924e-01
  -5.5882794e-01  -5.1989871e-01   2.3986135e-01   8.3076268e-01  -6.0025847e-01  -2.2242500e-01   1.1998429e+00   3.4927785e-01   5.4474849e-01  -1.4847674e+00  -3.8930550e-01  -2.1324167e-01
   5.0708991e-01  -4.1034084e-02  -1.8719773e-01  -3.4052753e-01   1.8344100e-01  -8.5700172e-01  -3.9642125e-02  -7.7273828e-01   1.8246012e+00  -4.1576415e-01  -5.2371562e-01  -6.6863126e-01
  -1.0136711e-01  -3.7447906e-01  -8.4930712e-01   1.3395845e+00  -8.1864655e-02   1.0427154e+00  -3.7483197e-01  -7.4705905e-01   4.8735362e-01  -5.6440169e-01   4.9452883e-01  -8.6052644e-01
   1.3089024e-01  -5.3211945e-01  -3.4860420e-01  -8.5121654e-02  -2.9376259e-02   4.0427423e-01  -1.1504116e+00   7.0642281e-01  -2.4151425e-01  -9.2899728e-01  -1.2561775e+00   1.0415461e+00
  -1.3785274e-01  -8.7774414e-01   5.1957276e-02   4.9009666e-01   6.2483132e-01   8.7963033e-01   1.7528795e+00   4.6843773e-01  -1.7677743e-02  -4.2903388e-01  -5.4364938e-01   1.7761521e-01
  -4.9953321e-01  -6.8532747e-01  -6.0331470e-01   7.6912522e-02   7.5204037e-02  -5.7242566e-01   1.2193805e+00  -6.3031340e-01  -5.4504776e-01   7.7136528e-01   1.2572587e+00   4.6967921e-01
  -5.4822814e-02  -9.9950755e-01   2.4222000e-01  -2.8132117e-01   4.9844819e-01   1.0648268e-01   1.4961089e+00  -1.4471811e+00  -1.7610015e-02   1.5128338e-01   2.3210406e-01  -4.3661532e-01
   3.6455992e-01  -1.3007531e+00  -3.7654942e-01  -4.7299936e-01   5.5029064e-01  -7.9637659e-01  -1.9865841e-01  -1.8274577e-01  -1.1941005e+00  -8.9291674e-01  -5.6390327e-01  -5.0848740e-01
   3.4134287e-01  -2.0748445e-01  -1.2645241e+00   1.2026190e-01   1.7985975e-02  -7.7161229e-01   1.2698278e+00   4.4043276e-01   1.5094450e-01   1.0757434e+00   2.1496741e-01  -7.7367932e-01
   3.1222093e-01   4.8106521e-01  -1.2792305e+00  -4.2091954e-02   1.0983068e-01   1.3273978e-01  -1.8514818e-01   1.4862378e+00   7.1979827e-01   2.9692096e-01  -5.5227357e-01  -9.2127556e-01
   5.3837907e-02   1.0716047e-01   8.2376158e-01  -9.0020078e-01  -9.2225128e-01   3.8574684e-01  -4.1205451e-01   1.1032238e+00  -1.3110986e+00   1.2735508e-01  -2.2997653e-01  -5.6775481e-01
   1.9623396e-01  -2.5660610e-01   3.9415896e-01  -8.7173879e-01   1.2020583e+00   9.1215283e-01   2.0841260e-01   7.8783560e-01  -8.0627388e-01  -8.4422481e-01  -8.2037085e-01   5.8879349e-02
  -5.4423845e-01  -1.0966216e+00  -3.3070835e-01  -1.1808900e+00  -2.9644862e-01  -1.1160933e+00   9.3122363e-01  -6.8283850e-01   9.9683493e-02  -5.1699358e-01  -1.3473943e-01  -1.8705682e-01
   7.0241743e-01  -4.0326518e-01  -4.0361837e-01  -6.7490816e-01   1.5110276e+00  -8.7521118e-01   5.6624848e-01  -1.3008678e-01   9.6382612e-01   6.0958815e-01   3.4744740e-02  -1.9249153e-01
   5.6373894e-01  -1.1985089e+00  -8.0571824e-01  -2.4282438e-01   7.8848645e-02   5.0405836e-01  -1.0421693e-01  -1.6859330e+00   1.2167206e-01  -4.7426298e-01  -1.6592106e-01  -3.9603969e-01
  -7.6074213e-01  -1.8236986e-01   1.5466411e-01   3.7103888e-01   1.1617179e+00  -7.6523209e-01   1.2731124e+00   5.5476171e-01   6.7241520e-01  -2.7254796e-01   9.1357660e-01  -4.0381841e-02
   7.2331291e-01   4.6162233e-01   4.2755917e-01  -5.9872113e-02   1.4970009e-01   1.0725480e-01  -1.4610058e+00  -1.4863598e+00  -5.9363943e-01  -5.0692606e-01   3.4104823e-04  -3.0038905e-01
  -7.0673424e-01  -2.8131640e-01  -3.5767463e-01  -8.7726349e-01  -3.5506895e-01   6.5675557e-01   1.6387804e-01  -8.6848557e-01   8.0105883e-01   1.3010551e-03  -2.1343774e-01  -1.5805340e+00
   3.2425243e-01  -4.0557247e-01  -5.4968614e-02  -4.9292526e-01   9.6206552e-01   9.4827664e-01  -7.8479481e-01   5.8563727e-01  -5.8707446e-01   2.6591358e-01   9.4910717e-01   1.1766607e+00
  -2.5982738e-01   5.0203365e-01  -7.5714546e-01   7.3304671e-01   7.8745282e-01   8.5079354e-01  -1.0153666e+00  -1.4972023e-02   1.1188279e+00   2.2376384e-01   3.0773151e-01   8.9339501e-01
   4.0291241e-01  -4.5005548e-01  -2.4370258e-01  -1.7327908e-01   6.9089359e-01   7.2804612e-01  -5.7699823e-01   1.6688579e-01   1.2889941e+00   3.7645739e-01  -5.4999149e-01  -1.4393802e+00
   9.6029419e-01  -6.5558022e-01   6.1405152e-01   4.8554339e-02  -9.4962758e-01   3.3079821e-04   1.6540396e+00   2.4232177e-01   8.3088456e-04   2.4751765e-01   6.3005507e-01  -3.3769536e-01
   6.8193674e-01  -1.0762547e+00  -2.1842785e-01   9.4203854e-01   2.4811374e-01   1.9412103e-01  -1.4728183e+00  -1.8817468e-01  -4.3405679e-01  -1.4792247e-01   4.8039728e-01  -8.3461159e-01
   7.1355510e-01  -1.1431134e+00  -2.9987675e-01  -2.5005630e-01  -1.2712367e-01   4.1013137e-01  -4.0576437e-01   8.9836884e-01   2.1380778e-01  -1.6397036e+00  -2.1398111e-01  -3.0897865e-01
   4.2127520e-01  -6.6505164e-01  -5.8892071e-01  -3.7117675e-01  -4.2075270e-01  -3.5744780e-01  -1.7800121e+00   3.0340457e-01   1.0924818e-01  -7.5387645e-01   5.6792122e-01   6.5386093e-01
  -2.4453937e-01  -1.4392880e+00   5.4326236e-01  -1.5101858e+00   3.4332922e-01   4.3422710e-02  -5.6271583e-01   3.6906978e-01  -1.2635186e-01  -2.6829618e-01  -3.5021587e-03   7.9515624e-01
   9.4009489e-01   1.3066635e-01  -3.6626133e-01   3.9868119e-01  -7.7137017e-01  -6.4945608e-01  -2.8590578e-01   1.2278269e-01   6.2380356e-01   1.4627795e-01  -1.7825099e+00  -3.2335892e-01
   3.2884243e-01   2.8254876e-01   7.1585995e-01  -1.3408279e+00  -2.9205638e-01   2.6849577e-01   1.4298618e-01  -7.7553272e-01  -1.1341090e+00   1.0024970e+00  -5.3209943e-01  -3.8488659e-01
   1.0512745e-01  -1.1719940e+00  -3.2613683e-02   4.7512779e-01   1.2301468e+00  -4.4266336e-02   4.4204581e-01   1.2161682e+00  -2.3962437e-01  -6.6574436e-01   3.3973381e-01  -7.6342922e-01
   4.6409813e-01  -4.1709635e-01  -6.5598011e-01   8.6394101e-01  -3.7386677e-01   8.3747643e-01   8.1214720e-01  -5.8866775e-01   1.1577648e+00  -2.7727112e-01  -1.0237368e+00  -3.4834993e-01
  -2.6757130e-01  -1.0831872e+00  -4.9608698e-01   9.6876335e-01   4.5350140e-01  -3.2617649e-01   9.4747281e-01  -9.7632796e-02  -1.0732771e+00   6.0643303e-01  -8.3531886e-01  -3.6574975e-01
   2.4557847e-01   2.2191612e-01   1.9870244e-01  -6.8520755e-01   9.6717969e-02  -9.7121429e-01   8.2900667e-01   9.3241936e-01   1.7447431e-01   2.7979705e-01   1.6620139e+00   3.4127861e-02
   8.6654663e-01   9.6328783e-01   1.5700597e+00  -3.9316311e-01  -1.0343859e+00  -4.2730010e-01  -5.2646402e-02   3.8758194e-01   7.8975864e-02  -6.1474606e-02  -3.8799065e-01   3.6800236e-01
  -9.4309129e-02  -4.6585363e-01   1.6835834e+00  -6.9330591e-01   2.5003627e-01  -1.8099342e-01   9.2748260e-01  -4.1633719e-01   5.3359467e-01  -3.2359725e-01   9.6417856e-01  -1.0509309e-01
  -3.0770817e-01  -3.7658593e-01  -5.4830009e-01  -8.9465594e-01  -3.5463980e-01  -1.2360264e+00  -4.9694216e-01   1.1237618e-01  -6.7522489e-02   1.3108702e+00   8.5003322e-01  -5.5122584e-01
  -1.4812765e-01  -2.8094971e-01   8.4618449e-02  -3.3133864e-01   7.9734975e-01  -1.4300385e-01  -2.6891950e-01  -2.3833035e-01   4.5158941e-01  -6.6699940e-01  -2.5245520e-01   2.0698524e+00
   3.2186970e-01  -5.0352341e-01  -6.0367930e-01  -4.9138248e-01  -4.7002295e-01   7.3184502e-01  -3.6348718e-01   4.6170658e-01   5.7677102e-01  -2.3856603e-01   1.0940398e+00  -1.5325346e+00
   7.8300345e-01   8.9324377e-02   1.3668635e-01  -2.3299927e-01  -3.8625437e-01  -2.3752925e-01   9.5701963e-01  -5.6875777e-01   2.0589454e-01  -9.3534917e-01   6.9498754e-01  -1.5686593e+00
   5.1158172e-01  -9.2368859e-01  -7.6247293e-01  -1.7055813e+00  -4.2874578e-01   8.1952506e-01   2.8239417e-01   8.6630724e-02   8.7151684e-02   4.5117846e-01  -4.7735512e-01  -1.1397550e-01
   1.0718293e-01   3.7725058e-01  -6.9238894e-02   9.7306356e-02   6.6004241e-01  -4.8338708e-01   1.2078045e-01  -3.6178720e-01   2.1832167e-01   1.7758448e+00  -4.7394255e-01  -1.2614374e+00
  -6.8442553e-01  -3.3507982e-01  -3.3053380e-01   5.1817930e-01   6.1146861e-01   1.3789408e+00   5.4738402e-01  -7.6078129e-01  -9.7981399e-01  -7.2134876e-01  -4.0132007e-01  -4.9628150e-01
   6.1444068e-01   6.5894192e-01  -1.0554763e+00   6.3397869e-02   1.0097436e-01  -7.4121279e-01   6.2342179e-01   4.9438331e-01  -1.2190106e+00  -1.0390258e-01  -6.3463217e-01  -9.8894191e-01
   8.1548631e-01  -1.8634087e-01   3.8177589e-01  -5.7589495e-01   5.7597262e-01  -7.3750988e-02  -1.6208227e+00  -1.4561047e-01   8.1679481e-01  -6.9303560e-01   3.1459072e-01  -7.6875234e-01
  -1.0614937e-01  -1.2534113e-01   4.1745371e-01  -8.2759637e-01   6.1340988e-01   6.3580686e-01  -4.8438323e-01   2.6283073e-01   1.0546352e+00   1.5388697e+00   2.5714764e-01   6.9506073e-01
  -1.5132599e-01   3.6235353e-01  -9.3611592e-01  -6.1802316e-01   1.1686207e-01  -6.9687027e-01  -1.1210239e+00  -2.4370996e-02   5.7075080e-02  -5.9486639e-01  -1.0060763e+00  -1.2089864e+00
   3.2210309e-02  -9.1020209e-01  -3.8886085e-02  -7.2042948e-01   1.3839421e-01   7.8821981e-01  -1.3604420e+00  -5.5544740e-01   3.1358171e-01   5.7649541e-01   1.1585835e+00  -2.7784926e-01
   7.6392537e-01   4.2522752e-01  -2.6671925e-01  -9.2635468e-02   4.8297632e-01   7.6626533e-01   1.2530231e+00   6.6547698e-01  -1.9701876e-01   2.2542778e-01   9.2014325e-01  -1.1773809e+00
  -5.1919550e-01   1.3075198e+00   3.3671907e-01  -4.0426713e-01   4.0458798e-01   1.0467095e+00   4.4781175e-01  -3.2373628e-01  -8.0679691e-01  -3.0910030e-01   1.9681256e-01  -1.1807554e+00
  -3.5599116e-02  -3.7639737e-01   8.9349580e-01  -8.1897521e-01   4.4837973e-01  -3.7537432e-01  -6.1037463e-01  -4.6807790e-01  -1.1692142e+00  -3.8453504e-01  -1.2199329e+00   6.7173839e-01
   6.8553448e-02   1.8579008e-01  -5.0791705e-01  -9.6268141e-01   1.0563120e+00  -1.1772623e+00   2.3209617e-01  -4.8278761e-01   1.2098832e-01  -7.7406681e-01  -1.1359566e+00   2.8833845e-01
   3.3839533e-01   7.1523446e-01  -9.2544204e-01   8.1547126e-02   9.9466783e-01   6.4599115e-01   6.5134096e-01   3.6411098e-01   8.9671969e-01   1.2705584e+00   3.4941715e-01   8.2633436e-02
  -8.1110895e-01  -7.5794977e-01  -3.6925424e-02   5.0274271e-01  -3.0907565e-01  -6.2147069e-01  -3.4854275e-01  -1.7230400e+00   8.3988070e-01   7.1829200e-02  -4.0156236e-01  -2.6379350e-01
  -2.6360667e-01  -9.4762079e-02   6.5987712e-01   5.9411889e-01   9.9997139e-01  -2.2583623e-01  -1.0395274e+00   1.1963682e+00   2.7201390e-01  -2.2716066e-01   1.1861242e+00   1.9435410e-01
  -4.2523679e-01  -1.1319071e+00  -6.7591947e-01  -8.5804284e-02   1.0848064e+00  -7.3326856e-02   8.9660056e-02  -1.0304188e+00  -3.5522762e-01  -2.3047330e-02  -9.4470954e-01   8.9585304e-01
  -1.1399440e+00  -7.7092952e-01  -3.2567176e-01  -4.5992115e-01   9.0285200e-01  -5.7767409e-01  -4.7074857e-01  -3.1263426e-01   1.4734447e+00  -2.2926214e-01   1.9595893e-01   2.4168457e-01
   9.8076618e-01  -2.0287909e-01  -6.0524052e-01  -3.5201380e-01  -4.9307236e-01   1.1382158e-01   9.5421992e-02   7.5023717e-01  -1.4777671e+00  -9.0893382e-01  -3.1980094e-01   7.5262302e-01
  -5.3948486e-01  -1.1804235e+00   2.4388091e-01  -5.6035858e-01   4.9266386e-01   6.6536039e-01   8.7776762e-01   4.0281004e-01   1.4344294e-01   7.6508147e-01  -8.8691890e-01  -9.6507603e-01
  -1.3736796e-01   1.0234323e+00  -1.0122142e+00  -9.3283021e-01   9.4440341e-01  -1.0552611e+00  -6.6202462e-01  -8.3398506e-02   5.4082429e-01   4.6099225e-01   1.8302424e-01   2.2306685e-01
   2.9877594e-01  -1.0576233e+00  -3.4869263e-01   1.4122041e-02   6.3250840e-01  -3.6121851e-01  -3.4150505e-01   2.3860416e-01  -6.3051820e-01   6.8606335e-01  -2.0585446e-01  -1.7480459e+00
  -8.5009867e-01  -6.1313856e-01   1.8872161e-01  -2.1851180e-01   6.2197030e-01   1.0563328e+00  -1.5535875e-01   1.4014226e+00   7.1514672e-01  -6.3934225e-01  -6.1763597e-01  -1.5985736e-01
   6.6468075e-02  -5.9444427e-01   2.7906510e-01   4.1073605e-01  -4.5681438e-01  -2.6833189e-01  -1.8816610e-01   9.3552339e-01  -2.6738110e-01  -8.4988958e-01  -1.4522995e+00  -1.1407741e+00
   7.9987276e-01   4.5684683e-01  -3.2909575e-01   1.4963729e+00   1.1145296e+00   2.1372342e-01  -5.0703990e-01  -6.0399157e-01   3.2403536e-02  -2.9813540e-01   8.7709177e-01   1.8731011e-01
  -3.1990317e-01  -1.0990024e+00   6.7064255e-01   4.7352308e-01  -4.8193666e-01  -6.5625924e-01  -1.0663222e+00  -4.7007635e-01   3.5085735e-01   1.3613056e+00   9.5729426e-02  -9.7462617e-02
   2.2576702e-01  -1.1001230e+00   6.9719451e-03  -5.4816180e-01  -4.8739586e-02   1.5526924e-01   7.4888265e-01  -6.3334095e-01   1.4804401e+00   9.3223315e-01  -6.2299806e-01   3.0159708e-02
  -1.7629845e-01   4.5116782e-01   1.4111504e-01  -1.7453799e-01   1.7794789e-01   1.1826241e+00   2.9305148e-01  -1.4462590e+00   4.0127400e-01   1.1643898e+00  -6.5922862e-01  -3.9468232e-01
   5.7435650e-01  -9.4322956e-01   5.3391624e-02  -2.6345482e-01   1.8188965e+00   4.5417685e-02  -9.9379051e-01   5.0887662e-01  -5.8462780e-02   1.4603996e-01  -2.5199729e-01  -2.5080481e-01
   9.0898794e-01  -2.1363159e-01   1.2098119e+00   8.4174144e-01  -1.6603014e-01  -1.0797888e+00  -9.1475779e-01  -5.7933426e-01  -7.3178196e-03  -1.0318883e-01   7.6076967e-01  -2.3166394e-02
  -6.8720758e-02   3.2408524e-01  -2.4233915e-01  -1.1153977e+00   8.5639995e-01  -1.0778968e+00  -4.7730845e-01  -2.6667863e-01  -1.0289623e+00   7.3306757e-01  -7.3546016e-01  -5.0609243e-01
   7.2909367e-01  -2.9389514e-03  -2.0527643e-01  -9.9242300e-01   5.4028314e-01  -6.6509140e-01   4.7755763e-02   1.4464712e+00  -4.2956558e-01   1.0335270e+00   7.5057440e-02  -5.9516531e-01
  -4.8076898e-01  -9.9755186e-01   1.6200571e-01  -3.5945031e-01   1.3434414e+00  -7.6805258e-01  -2.5853774e-01  -8.5658658e-01   3.5878453e-01   7.2427936e-02  -5.8045167e-01  -9.7574735e-01
  -6.0969603e-01  -7.3108785e-02   5.7823837e-01  -4.0008873e-01   1.9470946e-01   2.4256839e-01  -7.1454310e-01  -7.6687306e-01  -5.4680729e-01   4.0247256e-01  -1.2968768e+00  -1.3379860e+00
  -5.5499472e-02  -3.0609035e-01  -1.4573447e+00  -3.9556599e-01  -1.8998002e-01  -4.3543023e-01   5.3447270e-01  -7.8067911e-01  -1.5699005e+00  -5.1195886e-02  -7.3941506e-02   1.7150189e-01
   6.9121361e-02  -5.8489256e-02   6.2036020e-01   5.4932559e-01   1.3497494e+00  -4.6398678e-01  -1.2553362e+00  -6.0420924e-01   7.6045358e-01   6.8633360e-01   4.3399158e-01   2.9909769e-01
  -2.8383541e-01  -7.5058335e-01  -1.4620364e+00  -1.3714120e-01  -9.9709824e-02   2.2043918e-01  -3.1759837e-01  -4.7520491e-01   1.6285682e-01   8.2587981e-01  -1.1386746e+00  -8.9961135e-01
  -5.2504212e-01  -1.1887459e+00   9.3077743e-01  -1.0235581e+00  -7.6613569e-01   3.9125690e-01  -1.3351396e-01  -1.2013354e+00  -2.3968730e-02   2.8150302e-01  -2.9107457e-01  -1.7769210e-01
   8.5422397e-02  -1.5347471e+00  -7.5064349e-01  -3.7945867e-01  -3.6226490e-01  -6.7538017e-01  -2.0662189e-01  -3.8622233e-01  -4.8688182e-01  -3.1539181e-01   1.2968988e+00  -3.6344555e-01
   3.4207916e-01   2.9237255e-01  -1.0844034e+00   7.9462421e-01   6.7813855e-01   4.1035327e-01  -9.0563101e-01   4.0173420e-01  -1.3089062e-02   7.9900813e-01   6.4722115e-01  -1.1501484e+00
   2.1941586e-01  -2.6830807e-01   6.8942887e-01   4.2592758e-01  -1.6221064e+00  -6.7554313e-01  -4.4288042e-01  -2.2060400e-02  -8.6354351e-01   6.3688618e-01   6.9816220e-01  -5.4786998e-01
   4.0647170e-01   1.1024102e+00  -1.5598021e-01  -2.1900827e-02  -2.5000501e-01   1.4206687e+00  -1.1025051e-02   3.1473124e-01   1.2848988e+00  -5.0657630e-01  -9.4565116e-02  -7.0580173e-01
   2.0568784e-01   7.9991382e-01   1.0067921e+00  -5.6034696e-01   6.1512315e-01   3.8366193e-01  -1.1228120e+00   8.3846420e-01  -8.4011811e-01   3.4942263e-01  -5.9742528e-01   5.6222558e-01
  -1.2798477e+00   5.3011382e-01  -7.3898494e-01  -6.9526434e-01   5.5130190e-01  -2.3647685e-02  -8.7771755e-01  -3.5724705e-01  -4.4725651e-01   3.9304727e-01   4.7652757e-01  -1.1257745e+00
  -1.1363446e+00  -2.8881788e-01   1.0556275e-01  -1.4543703e+00  -2.8699484e-01  -5.1175110e-02  -6.2867481e-01  -3.3066964e-01   4.6848106e-01  -8.0297482e-01   8.2276720e-01  -6.0681218e-01
   8.7806875e-01  -2.6592925e-01  -7.6326299e-01  -9.4033217e-01   1.2838219e+00  -4.0322140e-01   3.9550558e-01   6.3944185e-01  -7.8555089e-01  -3.7909663e-01   2.1295244e-01   7.1360475e-01
   2.2342104e-01  -4.1561130e-02  -1.2159017e+00   2.0699923e-01  -1.0574538e+00  -7.0435667e-01  -8.7264526e-01   1.0866190e+00   8.7675683e-02   1.5929414e-01   6.8126523e-01  -6.1100554e-01
   2.9635575e-02   9.6283382e-01  -4.8821843e-01   4.5381227e-01  -6.9614667e-01   9.3152946e-01  -2.2454467e-01   1.1729732e+00  -7.0371348e-01  -5.7942474e-01  -6.5092075e-01  -7.7102071e-01
   7.0911181e-01  -1.1254975e-01  -9.9781048e-01  -1.7292507e-01   3.5607752e-01  -5.4505277e-01   1.8037434e+00  -5.0486654e-01   1.7391151e-01  -6.3512218e-01  -2.9403022e-01   8.1431665e-02
  -9.3465501e-01  -4.3832022e-01  -3.9764434e-01  -6.8768239e-01  -3.9232302e-01   2.9225335e-01  -9.1151327e-01   9.9147075e-01  -1.5661083e-01   4.5708966e-01  -5.0645620e-01  -1.3266919e+00
   3.9588083e-02   7.8458363e-01   5.4688716e-01  -1.0762058e-02   5.8111757e-01   2.9942089e-01  -8.7826002e-01   1.3301255e+00  -2.6437595e-01   3.3463088e-01   1.0948107e-02  -1.3905907e+00
  -9.1985583e-01  -1.2511635e+00   8.3311889e-03   3.1536010e-01  -4.5789373e-01   1.0867635e+00   2.3321529e-01   1.0337443e-01   1.2877842e+00   1.7282896e-01   2.0771055e-01  -5.4930460e-01
  -1.0571067e+00   3.9509851e-01  -1.3329653e-02   7.0641571e-01  -3.2184631e-01   7.1452010e-01  -7.4695015e-01   9.8764074e-01   9.0028781e-01  -1.8192367e-01   3.3168525e-01  -1.0611787e+00
   1.2148205e+00  -5.8572316e-01  -1.2116649e+00  -7.8199142e-01   2.8289965e-01  -2.8419647e-01  -1.1343830e+00   5.4070745e-02  -2.0122120e-02   5.3047103e-01  -1.3445035e-03  -6.0757124e-01
   6.7809784e-01   6.4141530e-01   2.3768511e-01  -7.8061199e-01  -4.7004369e-01  -1.0253369e+00  -1.7585729e-01  -1.0523155e+00  -4.1152290e-01  -8.1453651e-01  -9.5943743e-01  -5.4683471e-01
   6.5397024e-01  -1.0172051e+00  -5.6445903e-01   6.7805463e-01  -1.4218335e-01   1.2351117e+00   9.0975362e-01   1.0231148e-01   5.3600755e-02   1.1181720e+00  -4.5210108e-02  -3.4667417e-01
   1.3251269e+00  -9.6194899e-01   1.1321219e+00  -7.4994284e-01  -5.0215679e-01  -1.2649769e-02  -4.3953246e-01  -6.7711771e-01  -7.2245204e-01  -1.4175928e-01   1.4888994e-01  -7.9869531e-02
   1.1397251e-01  -4.3856254e-01  -2.9032502e-01   5.5054975e-01  -2.6822719e-01   6.2672722e-01  -9.3383557e-01  -1.3649906e-01  -1.7827367e+00  -7.8559214e-01  -4.9407667e-01  -1.1157516e-01
   8.5454446e-01   1.0570310e+00   3.1795305e-01  -8.8714647e-01   2.2575350e-01  -1.1569227e+00   3.4913453e-01  -2.7367568e-01   9.0496230e-01  -5.5140543e-01   1.6438347e-01   7.2667801e-01
   6.8059695e-01  -1.2923315e+00   4.3174881e-03  -5.2056825e-01  -1.3729010e+00  -3.1294182e-01   2.6014110e-01  -2.0721536e-02  -5.3285237e-02  -7.7710783e-01  -9.1288775e-01   3.2352042e-01
  -3.1284475e-01  -2.8585061e-01  -9.1921633e-01   1.4526073e+00   1.0221769e+00   5.8431685e-01  -3.4237984e-01   6.2989116e-01  -5.0977540e-01  -6.0105652e-01  -5.8393329e-01   5.4911107e-02
  -9.0231454e-01   7.1712029e-01  -3.4758297e-01  -6.1413842e-01   8.7579709e-01  -7.8720279e-02   5.8264124e-01   1.3934506e+00  -4.2375275e-01   3.6847419e-03   6.3019747e-01  -7.3652208e-01
  -5.5090958e-01  -3.6108428e-01  -7.8519183e-01  -1.4846195e+00   9.9023885e-01  -2.6373836e-01  -8.6265497e-02   6.4279962e-01   5.7275939e-01   3.2190222e-01  -7.1509469e-01  -5.7593185e-01
  -1.2342368e+00  -2.5724101e-01  -2.7823311e-01  -8.4992683e-01  -5.1401341e-01   3.5527611e-01  -3.2545099e-01  -4.3670309e-01   2.4495217e-01   1.6601369e+00  -2.8965789e-01  -1.5388349e-01
  -2.2415057e-01  -8.2101285e-01   1.5079170e-02  -2.6405223e-02  -7.4537379e-01  -1.4616979e+00  -1.0928617e+00  -3.4084028e-01   5.9999776e-01  -3.9299020e-01   4.1783100e-01  -7.6360178e-01
  -4.1426292e-01  -3.6168659e-01  -1.8884616e-01  -3.0885386e-01   8.2125211e-01   8.9505368e-01  -8.9782745e-02   1.4965469e-01   1.3042837e+00  -3.1212819e-01   1.4996307e+00  -1.1405739e-01
  -5.8239460e-01   2.9541034e-01   8.5400909e-01  -8.1418979e-01   5.4388102e-02  -8.2561302e-01   6.4183831e-01  -1.1415055e+00   3.2251987e-01   7.5083858e-01  -1.0212680e+00  -2.6638234e-01
   6.2852114e-01  -3.2575458e-01  -1.1193130e+00  -7.4244988e-01  -7.6280046e-01   4.5957056e-01  -7.8672034e-01  -2.3593239e-01   8.9813972e-01  -5.4705578e-01  -1.0502461e+00  -1.3471329e-01
  -4.0248069e-01   5.1377803e-02   4.6276224e-01  -1.2378801e+00   1.6854727e+00   2.8562071e-02  -1.1790323e-01  -1.0575578e-01  -1.3120367e-01   6.4577955e-01  -6.1278391e-01   6.4218658e-01
  -4.6284434e-01   6.6928214e-01  -5.2384138e-01  -1.7397817e+00  -1.1301760e-01  -5.4608971e-01   5.1840276e-01   1.8737300e-01  -7.6757872e-01  -7.1970129e-01  -3.1361949e-01  -4.6502090e-01
  -8.7804866e-01  -1.0857265e+00   8.1992418e-01  -7.0716098e-02  -2.6771119e-01   5.9994721e-01  -8.2626879e-01   2.8802890e-01   6.0147697e-01   6.6320956e-01  -1.1666967e+00  -1.1341394e-01
   9.9465662e-01  -6.9295615e-01  -1.3543564e+00   7.2022313e-01   6.1539572e-01  -5.5695003e-01   2.4892744e-01   3.2300554e-02  -3.5739335e-01  -5.9851456e-01   6.2842649e-01  -7.3802722e-01
   5.2243184e-02  -1.1927073e+00   1.2874410e-01   1.0425717e+00   8.8282919e-01  -9.3426579e-01  -2.4676107e-01   2.6164752e-01   1.1902342e+00   3.0698818e-01   1.8506673e-01  -3.8006541e-01
  -1.0452189e+00  -5.4133946e-01   1.8135346e-01   1.0336804e+00  -7.2912371e-01  -1.6794477e-01  -2.6623550e-01  -1.0743214e+00  -1.2229118e+00   8.7335885e-02  -2.7189037e-01   3.8877234e-01
   9.8187870e-01   4.4240651e-01  -9.3021798e-01  -1.8135028e-01   7.3160011e-01   9.2105880e-02   8.9676732e-01  -5.9870368e-01  -9.2254370e-01   1.1316162e+00   3.1955370e-01   4.3371767e-02
  -9.0039492e-01   8.9130901e-02  -1.2383933e+00  -1.6104531e-01  -2.6508272e-01  -1.1887470e+00  -9.5399272e-01   2.0944786e-03  -6.7032933e-01  -2.1379206e-01   1.0944161e-01   8.4927636e-01
  -6.9634847e-02   3.1836620e-01   1.1889222e+00  -1.0609071e+00  -1.0793890e-01   6.7455161e-01   6.3547122e-01   1.1010933e+00   6.5133321e-01   4.8735732e-01   7.1025026e-01   3.2500184e-01
   3.3858478e-02  -4.7863162e-01  -3.2782277e-01  -8.7756312e-01   3.1909749e-01  -2.2257437e-01   1.5099756e+00   4.9083519e-01  -1.0014330e+00   2.9087242e-01  -1.0022676e+00   3.5757267e-01
   6.9186354e-01   1.1185320e-01   4.5017976e-01  -1.2586336e+00   3.0276322e-01  -3.4608051e-01   1.5841999e+00   1.0208675e-01   3.8082534e-01   2.6158658e-01  -4.0227371e-01  -7.8432459e-01
  -1.3674430e+00   2.5200966e-01  -3.4580630e-01   2.7003840e-01  -6.2685698e-01  -1.0242236e+00   3.0932447e-01  -2.8975776e-01   1.0290727e-01  -1.2352911e+00   7.8680700e-01   3.1123048e-01
   1.1494261e+00  -5.7877862e-01   2.8488040e-01  -7.2833455e-01   1.0931867e+00   1.2986527e-01   3.1732851e-01  -3.8581216e-01   3.7505439e-01  -9.2514634e-01  -7.5363857e-01  -8.4035867e-01
  -1.4774325e-01   1.3623618e-01   4.7577342e-01  -4.5719286e-03  -1.2973323e+00   7.8741580e-01   1.7238937e-01  -1.0154632e-01   1.0140413e+00  -7.7518767e-01  -1.1160805e+00   7.1782649e-01
