  -8.1278151e-01  -1.3534816e-01  -1.8092047e-01   9.2529821e-01   5.8282191e-01   1.1072584e+00  -7.9596394e-01   4.8091406e-01  -1.4543822e+00   1.8922785e-01   2.9292843e-01  -4.1067395e-02   6.7758942e-01  -5.5132830e-01
  -6.1799246e-01   5.1450616e-01  -6.8990713e-01   7.9647653e-02  -1.1524690e+00   5.2869737e-01   5.7442367e-01   1.1516473e-01   4.0061137e-01  -4.9757051e-01  -1.3688787e+00   7.9923272e-01  -9.0132189e-01  -4.3251893e-01
   1.0415306e+00   4.5509669e-01  -9.5674545e-01  -1.2857399e-02   4.7017592e-01  -5.9473467e-01  -9.2519557e-01  -3.1511331e-01  -5.7353359e-01   1.1427731e-01   1.2297013e+00   6.3883674e-01  -7.6769084e-01   6.4100617e-01
  -8.0464679e-01   2.3841633e-01  -3.1552958e-01  -1.0769317e+00   7.9539794e-01   5.6129915e-01  -1.4938182e+00   5.3849071e-01  -7.5207645e-01   7.2612774e-01  -2.0933817e-01  -1.1014348e-01   2.4356513e-01  -5.9918493e-01
   7.9781073e-01   5.8408463e-01   6.9687408e-01   1.0073411e+00   1.0619407e+00   5.1335329e-01   1.2196256e+00   5.2829858e-02   1.3789870e-01   4.7365206e-01  -2.6744449e-01   2.2020027e-01   9.7266078e-01  -5.7532579e-01
  -4.2709234e-01  -2.7874261e-01  -2.2351995e-01   3.9022925e-01   3.0152988e-01  -2.0628025e-01   3.3275482e-01   1.8176316e+00  -1.8114507e-01   2.0892279e-02   1.3997787e+00  -5.3445059e-01  -6.7970753e-01   4.9940196e-01
  -1.0813006e+00   5.4517919e-01  -5.6343174e-01   3.6505750e-01  -2.3212874e-01  -1.2890732e+00  -1.0588910e-01   1.6602612e-01   1.3414582e+00   8.0650741e-01  -8.0962256e-02  -2.3664598e-01   8.3496261e-01   3.4466311e-01
  -7.1399373e-01  -9.7122811e-02   5.4981053e-01   8.9762056e-01  -1.9429004e-01   6.6097951e-01  -5.2239817e-02   1.8830143e-01  -7.7038461e-01   1.1009682e-01  -1.6395435e-01  -1.9131279e+00   2.3268688e-01  -7.1640807e-01
   4.2540950e-01  -6.0048097e-01  -3.0493042e-01  -5.4645592e-01  -5.4141080e-01  -3.4218186e-01  -2.7634975e-01   4.2576852e-01   2.8526431e-01  -1.5797920e+00  -2.6721498e-01  -1.2769783e+00   3.4432495e-01  -1.0006171e+00
  -6.1202908e-01  -3.5423112e-01  -5.3756171e-01   3.6342022e-01   8.9441496e-01   4.8815840e-01  -8.3540902e-02   2.7832612e-01  -1.0042503e+00  -7.4560058e-01  -5.0909150e-01   1.7534481e+00   1.0266345e-01  -2.1780777e-01
  -5.1503587e-01  -1.0799664e+00   6.3228792e-01   1.0607119e+00   1.0736785e+00   1.0720506e+00   8.8383323e-01  -7.5808927e-02  -5.5801278e-01  -3.1046906e-01   2.5001591e-01  -2.0922783e-01   5.5779046e-01  -3.5964265e-01
  -4.7553152e-01   8.3205384e-01   8.4429294e-01   8.4701061e-01  -6.7270887e-01  -8.2992935e-01  -2.1725085e-02  -4.2689316e-02  -7.5053197e-01   6.2181818e-01   4.9178654e-01  -7.7742857e-01   1.1089506e+00   6.9405222e-01
   1.0161095e-01   3.8556579e-01   4.0995383e-01  -5.3490549e-01   9.5799863e-01   7.8731656e-02   7.3047930e-01   1.2598106e+00   5.2778894e-01  -1.4676819e+00   2.5480151e-01   3.6973633e-02  -8.6232251e-01  -3.1560034e-01
   7.2247201e-01   3.0532345e-01  -7.1955198e-01  -4.9380481e-01   4.9103469e-01   1.0352641e+00  -1.6183537e+00   1.7655389e-01   2.9771769e-01  -3.5248232e-01  -2.4949588e-01  -1.0243731e+00  -5.3730404e-01  -2.1661724e-01
   7.1030110e-01   1.2593327e+00  -2.8226382e-01  -7.2548777e-01   8.9349347e-01  -5.0530428e-01  -1.8999885e-01  -2.7628228e-01   5.2153043e-02   3.1261063e-01  -6.3471240e-01   3.4320122e-01  -1.1999074e+00   1.0375851e+00
   3.9034653e-01   2.3096225e-01   1.0271019e+00   2.2778124e-01   4.3503299e-01   1.0499097e+00  -1.4596908e+00  -1.7960972e-01  -7.7860016e-01  -1.9064723e-01   7.8230494e-01  -7.2945619e-01  -6.1860961e-01  -2.5217605e-01
   6.9256395e-01   2.2835842e-01  -7.4097556e-01   1.2535319e+00  -9.7340226e-01   2.6591500e-02  -4.9551228e-01   5.0168055e-01   1.0473807e+00   2.3590253e-01   1.1063288e+00   3.0398604e-01  -3.3413097e-01  -5.6719887e-01
  -2.4641341e-01   6.9547242e-01   1.7254089e-01   4.0973976e-01  -1.1210166e+00   3.4591907e-01  -1.1878988e+00  -1.1395856e+00   4.2789933e-01  -9.6686728e-02  -1.0097615e+00   4.9947467e-01  -8.2622927e-01   1.6628568e-01
  -9.7326607e-01  -5.0120693e-01   1.5475722e-01  -1.7804163e+00   2.4382359e-01  -1.4188170e-01  -5.3399842e-02   7.7031368e-01  -1.1827340e-01  -1.9572674e-01  -5.2864301e-01   8.2859594e-01   7.7992147e-01  -5.5252910e-01
   9.3472171e-01   8.2558304e-02  -9.7123510e-01  -3.6276150e-01   1.1698819e+00   1.2355607e-01  -1.3588459e+00   7.8007084e-01   3.4044313e-01   3.5195893e-01  -8.6523987e-02   7.2946465e-01   6.5294564e-01   2.1545929e-03
   2.2965975e-01   1.4506152e+00   6.1702555e-01   6.2620366e-01   1.0798826e+00   5.4260492e-01   2.2332814e-01   5.3157026e-01  -9.3470097e-01  -8.8882124e-01   3.1388372e-01  -4.6513557e-01  -3.6153585e-01  -4.0970746e-01
  -1.6897301e-01   4.6254745e-01   2.5989488e-01  -1.9542606e-01  -8.1382591e-01   2.1075426e-02  -2.8046918e-01   1.9551582e+00  -7.5773990e-01  -5.4545313e-02   2.0967476e-01  -3.1429667e-02   1.3817620e-01   1.2027092e+00
  -2.1158721e-01  -1.5242390e-01  -6.1348480e-01  -2.4605978e-01   1.6097564e+00  -1.5297176e-01  -3.4654352e-01   8.7214833e-01   3.1811532e-01  -1.3849040e+00   2.7549261e-01  -2.7699175e-01   8.9437610e-01   1.6718552e-01
  -3.1381297e-01  -1.1279334e-01   1.2086904e+00   3.1224724e-02   6.4996302e-01   3.9003849e-01  -1.0498119e-01   7.9969674e-01  -1.1261978e+00  -1.1711210e+00   2.9729569e-01  -2.4551448e-01  -3.4679323e-01   1.1371019e+00
  -7.6897973e-01  -1.6356793e-01  -9.1645044e-01   7.0953876e-01   6.4048219e-01   3.0144152e-01  -4.5095894e-01  -4.0821293e-01  -1.1781582e+00  -1.2419134e+00   9.5724750e-01   2.8631231e-01  -4.4701901e-01   1.9742042e-01
   6.4968395e-01  -9.7306073e-01  -2.7088428e-01  -7.1861666e-01  -6.8299204e-02  -8.4512487e-02  -8.5562235e-01  -2.9764423e-01  -4.0545499e-01   1.0959769e+00   4.8872036e-01   8.7459660e-01   1.0254396e+00   8.8765681e-01
   7.5033438e-01   3.7909922e-01  -2.4088964e-01   4.1965682e-02  -4.6811312e-01  -7.6497531e-01   7.2276795e-01  -5.3097618e-01  -1.0201296e+00  -5.6505823e-01  -6.7096090e-01   1.0493250e+00  -1.1738538e-01   1.3037796e+00
  -1.6056947e+00  -3.0052739e-01   1.0173813e-01   7.9147160e-01   8.1407768e-01  -7.1711916e-01  -1.5120496e-01  -1.6328871e-01   3.5810322e-01   3.2639781e-01   9.0943635e-01   6.5931392e-01  -3.9453059e-02   9.8490721e-01
  -2.8787526e-01   6.7794532e-01   2.5313899e-01   9.3802460e-02  -5.9979284e-01  -1.4714200e-02  -6.3636506e-01   9.1063803e-01  -6.6446251e-01  -1.2765377e+00   1.2796621e+00  -3.3002779e-01  -9.3233252e-01  -3.2201397e-01
  -6.7875803e-01  -1.5644225e-01  -6.1319762e-01  -6.6797125e-01  -6.4494622e-01  -9.0922080e-02  -1.3711127e+00   9.5504236e-01   1.4128215e+00  -1.8368037e-01   2.5627730e-02   4.7199047e-01   4.7230843e-01   5.2501620e-03
   8.5828118e-02  -2.9981035e-01  -1.7837636e-01  -2.5183320e-01   7.2010696e-01  -1.0305892e+00  -1.0472592e+00  -9.6469229e-01  -7.4933708e-01  -3.1401122e-01   4.4522321e-01  -1.4568111e+00  -4.3570620e-01   1.7025532e-01
   1.3303136e-03   9.4101655e-01  -6.4621639e-01  -2.5148633e-01   3.2433587e-01   1.5008923e+00  -9.9629521e-01  -6.9982803e-01  -3.3427078e-02   3.0999361e-02   4.8990992e-01   9.7615969e-01  -5.2468711e-01  -5.6845093e-01
   3.8411602e-01  -5.1840103e-01   4.3858692e-01  -4.3347847e-01   1.6264850e+00   6.8588978e-01  -3.5916707e-01   3.5657388e-01  -1.0624108e+00  -8.6097747e-02  -2.2403191e-01  -1.0449743e+00   7.1476501e-01  -2.0549737e-01
   6.1854023e-02   1.2385006e+00  -5.4409671e-01   3.7863043e-01   3.7272030e-01   1.0344085e-01  -5.6473070e-01  -1.0250385e+00  -1.6187544e-01  -6.6021109e-01   2.1676375e-01   1.3547736e+00   2.7182531e-01   1.0417646e+00
  -2.0134038e-01   1.4064329e+00  -6.1700374e-01  -2.5013864e-02   1.9606252e-01   1.5195347e+00   3.7631476e-01   4.5637965e-01   1.7315300e-02  -9.5268655e-01  -1.8005690e-01   6.6613859e-01  -6.6211534e-01   2.8337115e-01
  -1.2224180e-01   3.7725750e-01   1.9337031e-01   2.5995439e-01   3.6183459e-01   1.1601007e+00  -4.0694046e-01  -1.2266303e+00   1.0906402e+00   5.7408214e-02   1.6125186e-01  -1.4093949e+00  -6.2025994e-01  -2.9572343e-02
  -2.8945521e-01  -7.0270985e-01   7.4896628e-01   1.5435220e+00   7.8824377e-01   3.7680519e-01  -7.9051429e-01   6.3899243e-01   6.3571566e-01  -4.8998627e-01   7.7123260e-01  -1.5309541e-01  -5.7222825e-01   3.0424535e-01
   1.7336488e+00   2.6435509e-01  -6.8912309e-01   9.1350538e-01   1.4034052e-01  -3.2819554e-02  -1.5488364e-01  -4.7975257e-01   2.7325767e-01   2.7590382e-01   7.4851620e-01   3.3091146e-01   1.1703942e+00   3.8714033e-01
  -1.2587082e+00   2.9654443e-01  -2.1688513e-01  -6.8781608e-01   1.1252708e+00  -7.8047037e-01  -5.3397399e-01   1.3945334e-01   6.3271934e-01   6.4079404e-01   9.0675235e-01   4.8901382e-01   7.1285552e-01  -4.9718454e-01
   8.5515654e-01   5.7637081e-02   4.7880200e-01   1.1692207e+00   4.3643600e-01  -6.1023158e-01   1.0044554e+00   3.9303693e-01  -2.8479597e-01   4.3668720e-01  -1.1622834e+00   7.6817289e-02  -1.5684195e-01   1.1355977e+00
  -1.0702987e-01   6.8678147e-01  -5.3777009e-02  -5.3477865e-01   8.4576535e-01   1.6867046e-01  -8.0821395e-01   1.7203212e+00  -1.0272502e+00  -7.2488880e-01   2.0064555e-01   4.3868640e-01  -1.1983607e-01  -2.0914389e-01
   3.7963033e-01  -2.5964251e-01   2.6308694e-01   7.0211709e-01  -5.4460740e-01   1.3824760e+00  -3.2496679e-01  -1.2753816e-01   1.7154571e-01   2.0272877e-02  -1.7245352e+00  -3.8705504e-01   8.6153626e-01   2.5689606e-02
  -3.3996236e-01  -1.3898632e-01   2.5802973e-01   9.2911625e-01   7.3734641e-01  -1.0366784e+00  -4.0256119e-01   2.3159455e-01  -9.9867934e-01  -8.4586877e-01  -4.4054917e-01   7.4003315e-01   4.0827423e-01   1.2165209e+00
   1.2964213e-01  -4.2775506e-01  -1.4039428e+00  -1.2463363e-01  -3.4612992e-01   6.4983666e-02  -1.2206947e+00   1.5027432e+00   8.1201963e-02   4.1598636e-01   2.9914999e-01  -6.2421882e-01  -5.1688004e-01  -1.2379222e-01
   1.0450774e-01  -7.8315574e-01  -9.8212111e-01   6.7338824e-01  -8.2313627e-01   4.8403329e-01  -1.6060153e+00  -2.1306576e-01  -3.9327723e-01   2.6342487e-01  -1.3599704e-01   4.0827495e-01  -7.9357135e-01   6.1823082e-01
   9.6273118e-01   2.2376928e-01  -9.2366242e-01   2.0659409e-01  -6.7072994e-01   2.7176124e-01   6.1060846e-01  -6.4205885e-01  -1.0544405e+00  -1.1128659e+00   5.6008983e-01   5.9905857e-01  -5.5123889e-01  -7.0119613e-01
   6.3618094e-01   3.6285660e-01  -1.0068443e+00   1.0452774e+00   1.3161564e+00  -9.4745487e-02   1.8998662e-01   1.2048174e+00  -5.4687119e-01   7.6890367e-01   1.8547827e-01  -2.4301521e-01   3.6620268e-01   1.0247401e-01
  -3.6161944e-01   2.6260006e-01  -5.9039599e-01   5.3521329e-01  -1.9146867e-01   5.8715600e-01  -3.1924492e-01   8.4686309e-01  -4.3102630e-04  -7.5559300e-01  -5.4946756e-01   6.6220307e-01   1.9013680e+00  -1.9543822e-01
  -3.8141260e-01   3.9637509e-01  -6.5522313e-01   1.9552195e-01  -2.5412709e-02   1.2272325e+00  -7.8815651e-01  -7.4705452e-01  -5.8727944e-01   1.1814113e+00  -1.4027850e-01  -7.5793260e-01  -2.0428242e-01  -1.0804342e+00
  -1.0436784e+00  -5.0943625e-01   1.1151387e-01  -1.8306783e-01   2.8597066e-01   1.9120560e+00   4.8560232e-01   4.8436642e-01  -5.6563810e-02  -4.2749304e-01  -5.8951628e-01  -3.7375125e-01   3.3504531e-01   7.8209847e-01
   9.4323343e-01  -1.4302169e+00   1.3644480e+00  -6.6894865e-01   2.9106967e-02  -2.6790325e-02  -6.8142211e-01   5.5366075e-01   6.7600802e-02   1.0264609e-02   8.7905318e-01   1.1262868e-01   3.4576389e-01  -2.7109256e-01
   1.9928000e-03  -5.7308960e-01  -4.9338672e-01   3.4719586e-01   1.1041931e+00  -1.2249242e-01   2.0723130e-01  -9.4078660e-02   1.4757789e+00   5.1817161e-01  -5.0413197e-01   1.1455377e+00   1.7262075e-02  -1.0041996e+00
  -3.3934411e-01  -7.1589220e-03   5.8956303e-02  -3.8997388e-01  -1.7970386e-01  -1.9123883e+00  -9.7065933e-02   2.7623221e-02   2.2547369e-01  -5.6629652e-01  -5.1369447e-01   4.8374546e-01  -1.4557805e+00   2.0202371e-01
  -2.6805127e-01  -1.7851906e+00   3.4619871e-01   3.0292010e-01  -1.3058574e-01   9.0945758e-02  -1.2823601e+00   3.5554209e-01   3.4912312e-01   5.7247776e-01   1.5987791e-01   1.1102875e+00   1.1384272e-01   1.1211850e-01
  -2.4831922e-01  -1.4790285e+00  -9.1455825e-02  -1.4677851e+00   2.0071200e-01  -2.1781617e-01  -8.7420464e-01  -7.2730631e-01  -2.5909626e-01  -8.8122293e-02   3.1576607e-01  -3.0112401e-01   9.7048187e-01   1.3568815e-03
  -2.6431006e-01   2.2683842e-01  -1.3921704e+00   3.3243778e-01   1.3888180e+00  -3.1218031e-02  -4.8064357e-03  -6.2867367e-01   3.6988908e-01  -9.2361605e-01  -3.4853593e-01  -5.4555219e-01  -7.9772133e-01  -6.7796689e-01
   1.1679686e+00   6.4671867e-02  -2.8479633e-01  -4.4803908e-01   9.7567600e-01  -1.1560338e-01   9.3520564e-01  -1.9534825e-01  -5.0652552e-01  -7.2152185e-01   1.5458120e+00   2.3016229e-01  -4.6035212e-01   2.0036173e-01
  -5.0641948e-01  -6.1090004e-01  -6.4665663e-01   3.3653215e-01   6.6253954e-01  -1.2492307e+00  -1.4038444e+00   7.3568308e-01  -9.4396406e-01   2.7097099e-02   4.7451013e-01   3.3777109e-01  -9.3029357e-02  -2.9609275e-01
  -3.6640301e-02  -1.7558420e-02  -8.9714003e-01   1.1857792e+00  -9.1787946e-01   6.8843037e-01  -1.5775254e-01   7.6931155e-01   1.2388425e-01  -1.8978988e-01   3.4396287e-02  -7.0509791e-01  -1.4387100e+00   4.8440856e-01
  -1.0284060e+00   3.7174296e-01   3.2729697e-01   1.8822858e-01   3.5361236e-01   7.1746403e-01  -4.0211689e-01   8.3478737e-01   3.1572682e-01   1.3500911e-01  -7.8825802e-01  -6.2606320e-02  -1.1856638e+00   1.4192572e+00
  -1.1932909e-01  -6.1349642e-01  -4.0652040e-01   1.0618148e+00   7.3818856e-01   1.8869485e-01  -1.2009201e+00   3.2175320e-01   3.5690859e-02   2.7094477e-01  -1.5704668e+00   5.5103546e-01   2.8795159e-01   5.1264352e-01
   4.8751646e-01  -1.2578739e-01  -6.6913396e-01   5.8866191e-01  -1.2356195e+00   3.3006692e-01  -4.7603264e-01   6.8321830e-01   2.9061812e-01  -7.5251514e-01   8.5752612e-01  -2.1165627e-01   3.9837888e-01   1.4260277e+00
   4.0074116e-01   2.7181754e-01   2.7055344e-01  -1.3888676e-01  -5.7629710e-01   7.0251662e-01   9.7467226e-01  -4.3394619e-01  -1.0704978e+00   1.0460913e+00  -1.1083860e+00   1.0893989e-01   2.2257143e-01   1.0857680e+00
  -8.1840706e-01  -3.9332694e-01  -5.0544167e-01   7.5567931e-01   7.4601328e-01  -1.0096197e+00   7.6431006e-01   3.9899948e-01  -4.6148750e-01   5.6532788e-01  -1.0990876e+00   9.8424184e-01  -5.0672090e-01   2.5235894e-01
  -5.8405977e-01   1.6918839e+00  -1.9035211e-01  -1.1650986e-01  -1.9993104e-01  -9.7570908e-01  -5.6462187e-01  -6.4577496e-01  -4.1728142e-01  -1.8778116e-01  -7.7571696e-01  -1.7712373e-01   7.6138711e-01   7.7238947e-01
   5.1224536e-01   2.1462293e+00   1.5636500e-02  -6.4477962e-01  -2.4996246e-01  -1.1427496e-01  -8.2999706e-02   7.9733849e-01  -1.0287017e-01  -5.5390882e-01  -7.3287171e-01   3.5065764e-01  -1.3001522e-01   5.2705478e-02
  -5.3813726e-01  -4.7598556e-01  -6.5887773e-01   8.6397111e-01   7.4328119e-01   2.3639598e-01  -1.1011362e+00   2.9074600e-02   2.7192673e-01   6.5169924e-01   7.4513692e-01  -1.4448780e+00  -1.5089487e-01   5.6325650e-01
  -7.6081222e-01  -8.0632132e-01   8.6619341e-01   7.0408058e-01   7.8812110e-01  -9.8462117e-01  -3.4578997e-01  -4.9341604e-02  -7.1361393e-01  -2.2570534e-02  -9.5485741e-01  -7.4423887e-02   9.7488171e-01  -6.5949267e-01
   5.5856097e-01   5.1981062e-01  -3.4847283e-01   7.8720105e-01   1.0672826e-01  -6.9601053e-01  -8.1609315e-01   1.4898810e+00   5.1480746e-01  -4.9513078e-01  -3.2087797e-01   3.4958914e-01  -1.1296287e+00  -5.3263032e-01
   1.1277649e+00   4.8567697e-01   8.8119948e-01  -8.8023949e-01  -8.9870609e-02  -7.4814796e-01  -6.6100806e-01  -9.1073793e-01  -4.0759098e-02  -5.4394943e-01  -9.1200292e-01   5.5533987e-01  -8.1595647e-01  -5.7221822e-02
   9.3462473e-01  -3.1764656e-01  -2.5140324e-01   7.1262497e-01  -1.5076931e+00  -5.1418322e-01  -3.7919697e-01  -6.8614137e-01  -7.1525687e-01   4.5086628e-01   7.8393602e-01   9.4971973e-01  -1.9034320e-01   1.8657289e-01
  -4.3412182e-01  -8.7835966e-03  -1.2595211e+00  -8.0545284e-03   8.9204329e-01  -9.6293265e-01  -3.3213871e-03  -3.0267527e-02  -1.1781060e+00   9.8001969e-01   1.5334293e-01  -1.4271128e-01   9.1025198e-01  -5.2941805e-01
   1.2325455e-01   4.6059901e-01   3.0324730e-01  -6.7701733e-01  -2.7730271e-01  -1.4495140e+00  -1.0432001e+00   5.6119031e-01  -8.9282191e-01   2.5222564e-01   5.5140555e-01  -5.9085661e-01  -1.0431796e+00   1.9754665e-01
  -2.3825133e-01   1.0327905e+00   7.8185454e-02   4.3410149e-01  -4.0184310e-01   1.3497020e+00  -6.2627643e-01   3.1573683e-02  -6.6969216e-01   1.0141319e+00   5.5356246e-01  -3.9478755e-01  -3.6702082e-01   1.1098137e+00
  -3.8581860e-01   8.6619504e-02  -1.6700456e+00   7.1180028e-01  -5.1287276e-01  -5.6535929e-01  -8.1150866e-01  -3.2225949e-01   8.3691585e-01  -2.5081533e-01  -8.9758515e-01   6.9808024e-01  -2.6826930e-01  -2.7309865e-01
   8.1140256e-01   6.7421210e-01   4.1055873e-01   1.2970518e+00   2.6955169e-01  -1.4688088e-01  -4.3528688e-01   1.3432553e+00  -6.3663381e-01  -1.6551119e-01  -6.9236505e-01   6.2440759e-01   7.9839456e-01   9.3466535e-02
   7.8931791e-01  -2.7356562e-01   1.7804676e-01  -6.5990496e-01  -1.0530680e+00   3.5127863e-01  -6.4687252e-01   7.7245229e-01  -1.1758924e+00  -7.8085744e-01   5.1329917e-01   8.3284408e-01   6.3640517e-01  -4.8260847e-01
   4.7990087e-01   9.8102850e-01  -2.9474959e-01   2.7190205e-01  -3.8576555e-02   9.2087984e-01   1.1404213e+00  -4.7350881e-01  -8.9084762e-01  -7.5291449e-01  -1.1639754e+00   5.9640115e-01   4.1282293e-01  -1.7534423e-01
  -1.9837995e-01  -9.1068995e-01  -8.0286491e-01   1.0672317e-01  -2.7316114e-01  -1.0425373e-01  -4.7013485e-01  -1.2116950e+00  -9.7537124e-01  -3.2592267e-01   1.0725177e-01   5.3445131e-01   5.1639730e-01   1.4419461e+00
   6.9755358e-01  -4.2769223e-01   1.2410200e+00  -3.4908327e-01  -8.0822122e-01  -1.2127033e-01  -1.0090503e+00  -1.0227296e+00   1.1203802e-02   7.1244121e-01   4.7155416e-01   7.8059751e-01   5.8394253e-01  -5.0600332e-01
  -7.2114456e-01  -2.5468531e-01   8.1714290e-01  -1.0013565e-01   1.2841569e-01   1.5973870e-02   3.5715994e-01   4.6754527e-01  -1.7487609e+00  -5.0030386e-01  -6.0477394e-01   5.8736283e-01  -1.6135387e-01  -1.1529001e+00
   2.6827684e-01  -1.2057669e+00   3.3341783e-01  -1.5818520e-01  -3.9063734e-01   2.2941431e-01   1.5159071e-02  -1.4990088e+00  -8.2445669e-01  -8.3438754e-01  -2.1275595e-01   9.6423507e-01   4.4370598e-01  -5.8108217e-01
   1.9793417e-01   1.7827599e-01   6.5205801e-01   3.8921198e-01  -2.1304424e-01  -1.0970151e+00   3.1888875e-01  -1.0953871e+00   6.5931433e-01  -3.8018018e-01  -4.6158856e-01  -1.0673587e+00   3.6876470e-01   1.3169825e+00
   8.7752910e-03   8.8507843e-01  -1.5572928e-01  -6.2367678e-01  -6.1029959e-01   6.9741517e-01  -1.6187540e-01  -1.1795638e+00  -1.3496548e+00   3.3974555e-01  -6.0030752e-01  -1.3458788e-01  -1.0862813e+00   1.7726214e-01
   8.9497972e-01  -4.1577905e-01   6.0181373e-01   2.8488553e-01   7.8161162e-01   9.3064374e-01  -1.4459489e-01   1.0450858e+00  -7.2689503e-01   9.9988121e-01   7.6526731e-01   6.7083776e-01   5.2527589e-01   3.9110413e-01
   6.7506939e-01   1.3372440e+00   7.4915916e-01   5.3406036e-01   1.1111479e+00  -5.6172645e-01  -9.4140822e-01   4.9738076e-01  -6.1656505e-01   7.2532988e-01  -4.7323424e-02   8.0322944e-02  -5.3990448e-01   1.3904202e-01
   5.3907472e-01   6.9590919e-02  -9.5755893e-01   3.8214460e-01  -4.1735545e-01  -1.6142385e+00  -1.2766002e-01   4.3788022e-01   5.3616297e-01  -2.1629749e-02   3.0031413e-01  -1.0931877e+00  -6.8762290e-01   7.7948892e-01
   1.0966886e+00   6.5636061e-02   4.5178673e-01   8.7079251e-01   3.2947752e-01   5.6728917e-01  -5.9044653e-01  -1.0098960e+00  -3.7711778e-01   2.3079757e-01   1.1580220e+00   8.6190498e-01  -4.2108929e-01  -7.5827956e-01
   5.5650401e-01  -9.6267208e-02  -1.1184259e-01   6.3087863e-01  -4.6607929e-01  -5.4879087e-01   1.0536482e+00  -5.3270735e-02  -3.8868111e-01  -4.6218875e-01   3.6476347e-01  -2.0255427e+00   1.7961979e-01  -7.9220667e-02
   1.1669615e-01   8.9746910e-01  -9.0620488e-01   3.5761455e-01  -2.5109163e-01   8.4047884e-02  -1.0639281e+00   7.8962123e-01  -8.5452861e-01   2.8164875e-02  -3.9792323e-01   1.4345783e+00  -9.6376881e-02   6.7053837e-01
  -7.5818664e-01  -1.6680392e-02   3.2369840e-01   5.3700817e-01   7.8662109e-01  -3.2552708e-02   8.8895339e-01   4.4227389e-01   1.8277386e-01  -1.3118180e+00   1.5984155e+00  -2.4654850e-01   2.0881450e-01  -1.1155934e-01
  -9.7467434e-01   5.7168430e-01  -2.3951578e-01  -3.4900516e-01  -1.2836432e+00   1.0712657e+00  -6.0854703e-01   5.4194725e-01   4.5748368e-01   2.8392020e-01   1.4584105e-01   5.0175416e-01  -1.2150656e+00   2.1287155e-01
  -1.1304388e+00   1.7906510e+00  -3.3090600e-01  -1.9830269e-01   4.7025585e-01  -5.7830054e-01  -2.9363164e-01   1.5240127e-01  -4.6611518e-01   7.0847595e-01   6.4963770e-01   5.1284850e-01  -3.7872884e-01   3.9262888e-01
   7.8406298e-01  -7.0002407e-01  -8.8131899e-01  -1.2663877e-02   2.6795274e-01  -7.7191490e-01   8.8189977e-01  -1.9304410e-01  -6.9666505e-02   1.6866449e-02   2.4162613e-01   6.4014608e-01  -1.5295143e+00   9.0716141e-01
  -5.6234036e-02  -8.0411565e-01  -8.6213529e-01   1.3565561e-02  -2.4216607e-01   4.3704507e-01   1.1242443e+00   9.2382884e-01  -7.1484798e-01   6.0151652e-02  -1.0931803e+00   3.5087427e-01  -4.5449474e-01   1.0956230e+00
  -1.2655239e+00  -2.7055845e-01   1.2163475e+00  -3.2318133e-01   6.2363160e-01   6.5880972e-01   1.1287791e-01   1.2710524e+00  -5.7459784e-01   2.0504819e-01   1.9918872e-01  -2.4660160e-01   5.9459049e-01  -6.8103212e-01
   4.5591170e-01   2.3132351e-01  -4.0331984e-01  -3.2834074e-01  -6.4753413e-01   9.5234549e-01  -6.5886599e-01   5.7719201e-01  -1.7416995e+00   5.7249993e-01  -5.0072265e-01  -8.2867372e-01   2.7552029e-01  -5.8522322e-03
  -2.8848535e-01   3.8536194e-01  -3.4247547e-01   1.4488350e+00  -4.1471490e-01  -6.9614269e-02   1.3290997e+00   5.1666969e-01  -1.0635755e+00   6.8111336e-01  -1.0766800e-01  -8.2098597e-01  -1.4569475e-01   1.9906388e-01
  -5.5211270e-01  -1.3253647e-01  -1.6039259e+00   1.9997226e-01  -4.6175160e-02  -1.0771897e+00  -1.7385893e-01   2.3436554e-01  -2.0892623e-01  -1.3661305e+00  -2.2535037e-01  -7.4476105e-01   4.1477895e-01   3.6049789e-01
  -8.3856530e-02   4.1809533e-02  -1.2556934e+00  -1.6583897e-01   4.4887266e-01   4.0620512e-01  -4.4622898e-02  -7.4928868e-01  -5.8241230e-02   4.0769303e-01  -6.7962304e-02   1.5452263e+00   1.3758204e+00  -4.6975423e-02
   9.7995514e-01  -1.0300431e+00   1.9373719e-03  -8.7720567e-01  -1.5509844e-01  -6.4065892e-01   4.5083389e-01  -1.1895276e+00   7.9729801e-01  -2.9031724e-01  -1.1465842e-01   5.5275071e-01   9.8765105e-01   3.7732819e-01
  -4.0922621e-01  -1.3678218e-02   3.6668912e-01  -5.0529790e-01  -1.0842766e+00   3.2187948e-01  -9.1438675e-01  -6.2728696e-02  -7.5089067e-01  -9.9363392e-03   5.1245701e-01   1.4247538e+00  -6.2066212e-02   1.2095189e+00
  -1.5232992e+00   6.5806854e-01   8.0676687e-01   3.5920027e-01   1.9082390e-01  -7.5312056e-02   4.4786507e-01  -1.9355043e-03  -6.2997365e-01  -3.1145620e-01   7.1988809e-01   5.1180631e-01  -1.3739569e+00   2.4924165e-01
  -3.2516605e-01   8.1811148e-01  -1.6830860e+00   8.6893338e-01  -6.0124886e-01   5.8286067e-02  -1.8876764e-01   2.3351225e-01  -6.2561536e-01   4.3703175e-01   7.1976548e-01  -9.4189495e-02  -7.3977816e-01  -7.2490150e-01
  -9.9291241e-01  -5.0884980e-01   4.8299533e-01  -4.4622153e-01  -1.0679952e+00  -8.3359134e-01  -2.8789929e-01  -1.3165215e-01   9.9652058e-01   4.5423603e-01  -5.8346510e-01  -1.1203140e+00  -7.5668555e-01   1.4000110e-01
   8.5579199e-01  -3.7875444e-01  -2.9905632e-01   1.4104685e-01   6.9691174e-02   9.4781399e-01  -3.6959437e-01   6.9900423e-01  -5.9221470e-01   5.2271885e-01   6.0984250e-02  -1.1963713e+00  -1.0117530e+00  -1.1848207e+00
  -1.3788474e+00  -8.7454194e-01  -2.2723529e-01   1.0397174e+00   2.1683085e-01   6.1651662e-02  -9.8464125e-01   3.8181502e-01   4.4691685e-01  -9.0270120e-01   2.7076262e-01  -4.2179853e-01   8.5384619e-01   2.0076577e-01
  -3.7931603e-01   2.3838471e-01   5.2492547e-01   1.4906563e+00  -1.4257157e-01   9.5604479e-01  -2.2175636e-02   2.5306964e-01  -4.4272602e-01  -1.4905674e+00  -8.6963207e-02   4.5649514e-01  -8.1794703e-01  -4.5106285e-03
  -1.0095682e+00  -1.0084218e+00   1.1115061e-01  -2.8136227e-01  -8.4421885e-01   4.7505084e-01  -2.8341609e-01   1.5240961e+00   8.0831528e-01   3.6644438e-01   1.3478935e-01  -5.7039315e-01  -4.1140735e-01   4.7993582e-01
   2.1109374e-01   5.1881146e-01   1.8386698e-01   9.9538052e-01  -7.3724240e-03   1.8783337e-01  -1.6437799e+00  -4.3971238e-01  -5.4650342e-01   1.5950012e-01  -1.0213339e+00  -1.1509939e+00  -1.1678327e-01   1.5916920e-01
   6.9566198e-02  -2.9495689e-01   4.7531453e-01  -2.1196336e-01  -2.5749564e-01   4.0331420e-01  -1.7452666e+00  -9.3350732e-01   2.3733282e-01   7.3559326e-01   4.3938279e-01  -1.1574057e+00   4.7455102e-01   3.6835289e-01
  -8.4120518e-01   8.1071049e-01   6.6275316e-01   4.2466819e-01   3.8355410e-01  -6.9961464e-01  -2.4414782e-01  -7.4761689e-01  -1.0176451e+00   3.0877957e-01  -5.3551501e-01  -1.0862685e+00  -9.5590651e-01  -4.9896348e-01
   8.6101258e-01   7.9846251e-01  -2.0259790e-01   4.6605745e-01   1.5241531e-01  -8.1293356e-01  -2.0034701e-01   9.1096729e-01  -1.3049835e+00   2.6638454e-01   6.9319892e-01   4.0251052e-01   3.1111211e-02  -1.1795417e+00
   1.8850288e-01  -4.2573729e-01  -2.7496025e-01   6.5370987e-05  -3.4073672e-01   6.8299216e-01   1.4084164e+00  -2.4822047e-02   2.9454562e-01  -6.6081405e-01  -1.7051075e-01  -2.4342844e-02  -2.1963821e-01  -1.8813394e+00
  -9.9666655e-02   1.2977073e+00  -1.1019077e+00  -8.7563920e-01   1.3980716e+00   5.1556271e-01  -1.3494511e-01   4.9783447e-01   3.3230117e-01  -1.5212700e-01   5.3092313e-01   1.5577489e-01  -1.0407174e-01  -6.2295800e-01
   8.9477330e-01  -5.6885917e-02  -7.3222405e-01   1.3488127e+00   1.0476496e+00  -2.3878533e-01   9.9214733e-02   1.3030066e-01  -2.0758107e-01   2.4877131e-01  -9.4257466e-02   1.0573885e+00  -1.0598019e+00  -5.5152059e-01
  -8.2559925e-01  -1.1635467e+00  -5.1864392e-01  -1.2190735e+00  -8.0267262e-01   1.1518687e+00  -6.0677058e-01   1.6307713e-01  -4.7332436e-01  -4.0633300e-01  -1.4518036e-01   6.5391010e-01  -7.1952820e-02  -2.3838619e-02
   7.0716429e-01   8.6552817e-01  -5.3344852e-01   7.5628161e-01  -4.0123269e-02  -3.6941309e-02  -8.6632884e-01  -6.1504406e-01  -2.8031021e-01  -5.8027995e-01  -1.0285448e-01   3.8685534e-02  -1.7353933e+00  -5.6877720e-01
  -5.4759443e-01  -5.4789257e-01  -3.4300667e-01   3.1429377e-01  -1.3376846e+00   4.2982671e-01  -1.1465638e+00  -5.9980303e-01   3.8459927e-01  -1.0805848e+00  -4.6524936e-01   4.2910162e-01   6.8548107e-01   5.9071767e-01
  -2.2903988e-01   4.8762590e-01   1.1257872e-01   7.2431512e-02  -1.1428283e-01  -1.3419534e+00   2.3197001e-01  -3.3291203e-01  -1.6524208e+00  -1.0935138e+00  -3.7742201e-02   3.0437323e-01   7.7689892e-01  -2.9898915e-01
   3.9607489e-01  -9.5702469e-02  -1.3113562e+00  -3.6092049e-01   1.9829948e-01  -2.2424580e-01   4.4496343e-01   3.7431142e-01  -7.1409869e-01  -6.9912118e-01   8.5002053e-01   6.4427012e-01   7.2708201e-01   1.3752681e+00
  -1.1079776e+00  -1.8457974e-01  -1.5403934e-01   1.3880833e+00   3.7816045e-01   9.3826908e-01   2.0041242e-01  -9.9921924e-01  -3.4488490e-01   5.7670796e-01   9.9101967e-01  -1.7091168e-01  -2.6421228e-01   4.3951961e-01
  -6.3640803e-01   4.0461034e-01   1.6077907e-01   5.2192682e-01  -2.2344042e-01   1.4457438e+00   8.2324278e-01  -5.6779695e-01  -1.4662113e+00  -6.5790737e-01   2.0178211e-01  -5.1283014e-01   1.1376853e-01   3.0581564e-01
   1.1555165e+00  -2.4715041e-01  -2.3226082e-01  -1.5270738e-01   4.7265604e-01  -7.0140749e-01  -2.9263884e-01   2.4533258e-01  -8.5212791e-01  -1.7439511e+00  -3.0499437e-01   8.5917193e-01  -2.4226400e-01  -8.8627949e-02
   4.9187627e-01   5.4497518e-02  -7.5277492e-02   3.5113227e-01  -3.3155283e-01   9.8662990e-01  -8.9267659e-01   5.3996205e-01  -9.0274352e-01  -3.7005413e-01  -1.1662194e+00   5.8484507e-01  -5.9501058e-01  -1.2026201e+00
  -1.4765775e+00  -1.3964900e-01  -2.4083547e-01  -3.7896079e-01   3.0575803e-01   6.3075697e-01   1.1680354e+00  -5.2645212e-01  -8.0437884e-02  -1.6855949e-01  -1.7918803e-01   1.4195358e+00  -6.0567915e-01  -1.2993903e-01
   9.7851682e-01  -1.1663184e+00   7.7229097e-02  -6.0611063e-01   1.7878377e-01  -1.0089242e+00  -2.3872708e-01  -2.9521108e-01  -6.3326776e-01   1.7295359e-01   3.1047559e-01   1.3089858e+00  -6.7727721e-01  -6.4448035e-01
  -4.2273292e-01   5.4258597e-01  -1.9188175e-01   4.3610718e-02  -1.2749455e-02   3.1931431e-03   2.7848062e-01  -1.3093026e+00  -9.9799252e-01  -1.3545756e+00  -1.0084430e+00  -2.9437283e-01  -5.8770251e-01   6.4521915e-01
  -3.7285277e-01   8.7321395e-01  -8.0573224e-02   6.1366075e-01   4.5307374e-01   1.5662196e-01  -2.8546333e-01  -5.7363945e-01   6.5502542e-01  -1.4081030e-01  -2.0393577e+00  -4.7697517e-01  -1.4136697e-01  -4.6871328e-01
  -4.1000506e-01   4.0486410e-01   1.3386736e+00   1.0526661e+00   6.1663091e-01   1.2237406e+00  -4.0698397e-01   8.2467198e-01   5.0396746e-01  -1.0469724e-01  -8.4084707e-01  -1.7623058e-02   1.6980720e-01  -2.0789087e-01
   2.9958308e-01  -5.5092281e-01  -4.7584781e-01  -6.7830044e-01   4.2089728e-01   1.4561090e+00  -1.2968668e+00  -8.7902063e-01  -9.5534092e-01   2.0097804e-03   6.1369304e-02   1.6288696e-01   4.7341228e-01  -3.4139678e-02
   1.0682626e+00  -4.6038860e-01  -1.7212190e-01  -8.7749016e-01   5.2193981e-01   6.7792499e-01   5.3519082e-01   9.3784845e-01  -4.7333726e-01  -1.3447509e+00  -5.6067601e-02  -4.2312361e-02   8.2361263e-01  -4.8329651e-01
  -6.9997168e-01   1.2459569e+00   1.2000977e-01   3.9236483e-01   9.2771357e-01   1.3178271e-01  -9.5143622e-01   7.6027089e-01   3.9712447e-01  -2.6663464e-01  -6.7285258e-01   4.5228314e-01   7.8211468e-01   9.6447980e-01
  -4.5445490e-01   1.0511845e+00   6.8208355e-01   1.6075393e+00   2.8869379e-01  -4.2399478e-01   2.3037684e-01  -8.4676367e-01   2.2895502e-01   1.0140327e-01   6.8280041e-01   7.9095870e-01   5.6979150e-01   3.5590151e-01
   7.4124128e-01  -1.0348129e-01   2.3138401e-01   1.3666000e+00   1.5457207e-01  -3.2590103e-01   1.1706368e+00   1.3271581e-01  -9.2110825e-01  -1.1528741e+00  -6.9085300e-02   2.2474259e-01   4.4435602e-01  -7.5519383e-01
  -5.7044262e-01  -6.2128626e-02  -1.4447228e+00   1.1065071e-01   5.6467872e-02  -1.7761745e-01   8.6143327e-01  -8.1702155e-01   8.5408169e-01  -1.6765313e-01   1.0016497e+00   7.6467878e-01  -3.7551838e-01   8.0020422e-01
  -6.1617893e-01  -4.6089411e-02   4.1085002e-01   1.6510296e-01  -4.1618469e-01   1.3145544e-01  -9.5017290e-01   6.4486295e-01  -1.2664285e+00   4.5808685e-01  -9.1599375e-01   9.6783715e-01   1.0572658e+00  -4.5357001e-01
   1.2755904e-01   4.4171444e-01   3.9396328e-01  -1.3424832e-02   7.5193465e-01  -1.2314419e-01   2.9662600e-01  -7.7052706e-01  -1.1575599e+00  -5.1309460e-01  -2.3253955e-01   1.3940029e+00  -1.3202294e+00   1.6560279e-01
   5.5517596e-01  -3.2099780e-01  -8.3199853e-01   1.6820902e-01  -3.6598906e-01   8.6996555e-02  -1.3821870e+00   1.0275422e+00  -4.5503432e-01  -1.1574281e+00  -9.5483583e-01  -8.8376902e-02   3.7184086e-01   3.9489269e-01
  -3.1460956e-02  -7.6665863e-02  -1.2001576e-01   1.2671552e+00  -1.4696980e-01  -1.9970904e-01  -1.2023028e-01   6.0088640e-01   7.3884398e-01  -8.3340442e-01   4.4972826e-02   1.7332517e+00   3.8918307e-01   7.3344505e-01
   3.6517468e-01  -9.5721370e-01  -4.7489142e-01   1.1695998e+00   3.0721617e-01   5.6206381e-01  -3.4816757e-02   1.3165641e+00  -5.1284820e-01  -8.3231455e-01   6.1428100e-01   3.9529750e-01   7.7239084e-01   3.5511026e-01
   4.9699977e-01  -3.8760769e-01   1.1526269e+00   1.6212741e+00   1.7867470e-01  -2.3359615e-01  -3.8716695e-01   1.2208574e-04  -6.7945009e-01  -3.8405350e-01  -1.1351255e+00  -4.0460461e-01  -4.8575583e-01  -3.3460477e-01
   1.0288945e+00   1.2258253e+00   3.9372545e-01   1.3081743e-02  -1.9278912e-01  -1.5669748e-01  -1.0388360e+00  -1.3739334e+00  -1.9057627e-01   9.9217838e-01   3.0560780e-01  -1.8698192e-01  -2.7078345e-01   1.8034354e-01
  -3.8945311e-01  -2.0576115e-01  -4.1687828e-01   9.5206714e-01   3.8374311e-01   4.2247361e-01   6.2030435e-01   6.0568637e-01  -7.3158771e-01   1.0757148e+00  -8.3139360e-01   6.6571331e-01   1.2606553e+00   4.8204669e-01
  -1.5263304e-01  -1.7338909e-01  -1.3899430e+00  -2.1169855e-01   7.7144313e-01   3.7326708e-01   1.4380880e-01   4.0370935e-01   2.6494282e-01   1.6539938e+00  -4.5736441e-01   7.3533088e-02  -4.5427278e-01  -9.0825289e-01
   1.0082243e-01  -3.0495647e-01   2.3665784e-01   5.8815837e-01   1.4257305e-02   3.3330846e-01  -6.8735915e-01   4.2237523e-01  -1.9494281e+00  -2.5973106e-02   6.6158092e-01   8.8751382e-01  -8.3759952e-01   6.9640331e-02
  -9.3346697e-01   6.9022882e-01  -7.5988275e-01   9.1608602e-01   4.2350170e-01   4.3122733e-01   1.2319807e-01   1.3087020e+00   3.1974468e-01   2.4773603e-02  -1.1357703e+00   6.1658144e-01  -1.3248715e-01  -5.9316683e-01
   8.8562322e-01  -1.6201013e-01  -1.8865770e-01   8.5432428e-01  -1.1174104e-01   1.4430115e+00  -1.0963138e+00  -3.2428518e-01   5.7920855e-01  -1.8237995e-01  -2.2850099e-01  -3.2188523e-01  -1.7137969e-02   1.2236290e+00
   8.3959037e-01  -5.9091127e-01  -7.2555691e-02  -4.0862750e-02  -7.1436428e-02  -4.5405585e-01  -1.2574905e+00  -2.8910896e-01  -4.0923116e-01  -7.0627257e-02   1.7277138e+00  -3.5450056e-01  -3.2696584e-01  -8.2025051e-01
   1.3692598e-01  -4.4468436e-01  -5.0264090e-01  -6.6391432e-01  -6.8989390e-01   7.8926694e-01  -5.8972967e-01   9.1062003e-01  -1.3756612e-01   5.2935380e-01  -5.1542920e-01  -3.3417955e-01   1.0475658e+00  -1.4283887e+00
  -4.6165028e-01  -1.0733361e+00  -3.2854000e-01   1.0481390e-01  -6.3103777e-01  -9.5186096e-01  -7.6142949e-01  -1.7066582e-01  -7.7707183e-01  -8.1227142e-01  -8.3755189e-01   1.2336085e+00  -3.0933958e-01   1.4197016e-01
  -4.7337300e-01  -4.7981700e-01  -8.5900509e-01   1.2365614e+00   6.2333798e-01   6.9509840e-01  -9.0998769e-01   1.3665983e-01   6.1089271e-01   4.6442127e-01  -8.7238349e-02   1.7102722e-02  -1.2122182e+00  -7.0285296e-01
  -3.6166185e-01   6.9530374e-01  -5.7062864e-01   1.4966553e+00   3.3388615e-01  -1.2593662e+00  -2.6805049e-01   4.4863170e-01  -6.3010383e-01   1.8677223e-01  -1.0107400e+00  -6.1955208e-01   1.6915159e-02   1.0914760e-01
  -4.9861851e-01  -3.0281907e-01   1.0651855e+00   1.3218135e+00  -5.1466155e-01   2.0043416e-01  -2.5751671e-01  -9.2698568e-01   7.4094767e-04  -4.0678483e-01  -6.9725239e-01   6.3989359e-01   7.6810759e-01  -9.4663274e-01
  -6.8275136e-01   9.1123199e-01  -9.6840215e-01  -4.5538598e-01  -1.1660575e+00  -1.7546821e-01  -1.9977456e-01   3.9745840e-01   7.3651582e-01   5.9734058e-02   8.6340702e-01  -1.1373409e+00  -5.2311316e-02   6.1821502e-01
  -1.4988410e+00  -2.0377740e-02   1.6619344e-01  -1.4409037e-01  -1.5982258e+00   5.0562686e-01   4.3679932e-01   2.8139744e-02  -9.2817116e-01   6.7490387e-01  -4.7606635e-01  -3.2519323e-01   1.4540873e-01   1.8049207e-01
  -5.6845069e-01  -4.7335264e-01  -1.6205045e+00  -7.1897924e-01   7.6975983e-01  -1.8659106e-01  -4.5269421e-01  -1.5498728e-02  -4.9184829e-01   8.3198613e-01   6.6251743e-01   7.2048301e-01  -3.1641811e-01   6.9645917e-01
  -6.3267922e-01  -4.4292921e-01  -6.9132990e-01  -1.5665576e-01  -7.1727043e-01   7.0498657e-01  -1.3724657e+00   3.7382185e-01  -2.9820064e-01   5.9597230e-01  -4.3002331e-01  -3.4766632e-01   1.1750554e+00   8.5761923e-01
   3.0658221e-01   4.1859356e-01   7.2595417e-01   4.9976853e-01   6.1230075e-01   1.4361804e+00   2.0307044e-03  -1.8132171e-01  -6.5912202e-02   1.3579196e-01  -5.8550668e-01   1.1225411e+00   5.4647487e-01   1.2487054e+00
  -2.8902087e-01  -2.7620915e-01   1.1832706e+00   4.1574132e-01   6.8413562e-01  -2.9063815e-01  -3.9175904e-01   1.7804432e+00  -2.2148265e-02   9.6275514e-01   1.3431430e-01   2.7715635e-01  -5.1546693e-01   3.2138625e-01
  -6.7724037e-01   1.0122515e+00  -9.0264153e-01   1.0409149e+00   8.7125814e-01  -2.0729838e-01  -8.9677024e-01  -9.4122678e-01  -8.0097303e-02   9.4568491e-01   2.1310218e-01   1.4134939e-01   3.8776132e-01  -9.8856747e-02
  -1.7459582e-01  -1.3886519e-01   1.0305632e+00  -1.3216641e+00   4.4396844e-02   1.2224735e-01  -1.2868828e+00  -1.9591568e-02  -8.0942971e-01  -1.4416629e-01   4.2923826e-01   7.8376371e-01  -8.6964679e-01  -4.8706579e-01
  -8.8478357e-01  -5.7415873e-01  -2.8064820e-01  -1.6058811e+00  -4.5422822e-02   9.1809070e-01   6.9017220e-01   1.6397592e-01  -1.0505990e-01   1.2829946e+00  -1.8389289e-01  -1.2607609e-01  -4.0566733e-01   1.0155279e-01
  -1.1052935e+00  -5.9361929e-01  -1.2538341e+00   6.3821965e-01  -1.2841991e+00   2.3703764e-01  -2.1180734e-01   1.0127290e+00  -3.1944984e-01  -1.9052707e-01   4.0447837e-01   6.0551006e-01  -2.1967955e-02  -4.0051684e-02
  -1.1348581e+00   6.3633698e-01  -8.4253484e-03   5.2660561e-01  -1.6509926e-01  -7.5121951e-01  -2.1959783e-01  -1.7115093e+00  -1.4010409e-01  -7.4664307e-01   4.2284187e-03   7.7290535e-01  -3.4999746e-01  -4.0460888e-01
  -1.6302983e+00  -5.0994295e-01   4.5077309e-01   3.6626446e-01  -2.8486207e-01   4.3151549e-01  -1.1557214e+00   6.4429498e-01  -6.3966334e-01  -6.9436413e-01   1.2789384e-01   7.2192109e-01  -5.4542005e-01  -1.6096475e-02
   1.2926005e-01   1.1211303e-01  -1.2783314e+00   5.7944059e-01  -1.4070338e-01   2.4087314e-01   4.0844068e-01   1.1017852e+00  -1.7030424e+00  -2.9748529e-01  -4.2349070e-01   4.1066438e-01   2.4497558e-01  -3.8133213e-01
  -2.3789251e-01  -2.5759244e-02   3.6169040e-01   1.3192143e+00  -4.3994814e-01  -4.8571929e-01   5.5597538e-01   1.6078193e-01   7.0276392e-01   1.1462289e+00  -1.1554136e+00   8.8223433e-01   4.1515315e-01  -4.6235469e-01
  -7.4367994e-01  -2.5210086e-01   7.1874672e-01  -6.2585855e-01  -2.7717236e-01  -1.4160229e+00  -9.2995018e-01   3.3576357e-01  -2.2472881e-02   9.8330939e-01   2.8500611e-01   1.0566595e+00   4.7320673e-01   1.6283359e-01
   5.1008362e-01   6.9729674e-01   9.4482318e-02   1.2984797e-01   7.6972455e-01   7.5378972e-01  -7.8526884e-02  -2.3025289e-02  -1.4758155e+00   1.4579462e+00  -4.0267259e-01   3.7637460e-01  -3.7845376e-01  -5.5656540e-01
  -6.0121530e-01   8.2931554e-01   3.0868924e-01  -2.5080505e-01   5.0581157e-01   5.3391311e-02  -1.2654886e+00  -3.0244806e-01  -1.5949193e+00  -8.3778149e-01  -7.2937429e-01   1.4633441e-01  -1.1043730e-01  -1.7236130e-01
   1.7529442e+00   5.8236825e-01   1.2107736e-01  -6.6293836e-01   4.3868569e-01   1.1258368e+00  -2.9612073e-01  -4.1495860e-01   4.7754407e-01  -8.6570561e-01  -1.0884973e-01   4.7516790e-01  -2.3763822e-01   3.7743294e-01
  -1.2178311e-01  -4.2634360e-02   8.9471412e-01   2.7524704e-01   1.4377749e-01   4.3269923e-01   6.7426467e-01  -4.4912323e-01   1.1076817e-01  -7.8763759e-01  -1.4184134e+00   6.7276841e-01  -1.0269051e+00  -1.0445775e+00
   4.4165152e-01  -2.2065350e-01   2.0427346e-01  -1.1925808e-01   3.5980648e-01   3.4128761e-01   1.0306332e+00   1.2866749e-02  -1.4906944e+00   5.9775925e-01   6.9924258e-02  -1.5538811e-02   9.0574688e-01  -1.4096111e+00
   7.3090762e-01   1.0556035e+00  -7.9027586e-02   6.9349009e-01  -6.1453694e-01   1.5226990e-01  -2.4279991e-01   2.5519067e-01  -2.2877054e-01   1.2482040e+00   5.6187189e-01  -5.2356410e-01   1.0738705e+00  -9.9298489e-01
  -1.5963540e+00  -1.8252970e-01  -8.3713067e-01  -2.8952733e-01  -3.1836063e-02   3.8916302e-01   3.9002381e-02  -1.6817950e-01   9.1967911e-01   2.8492802e-01  -7.9624104e-01   1.3141669e-01   1.3648627e+00  -1.0169434e-01
  -3.2031405e-01  -1.0337892e+00   6.0383911e-04   7.6339662e-01   3.9229259e-01   1.4284678e+00   1.4903267e-01   9.5732212e-02  -2.4942304e-01   6.1481756e-01  -2.5889653e-01   1.3232372e+00  -8.1108636e-01   3.2258034e-01
  -5.9503990e-01  -4.5066420e-02   1.5444551e-02  -1.7669491e-01   6.0283339e-01  -2.1418500e-01  -9.2657942e-01  -8.3430988e-01  -1.4788716e+00   7.9128826e-01   3.4532733e-02   1.3368670e+00   2.0041263e-01  -8.2243577e-02
  -1.4027615e-01  -2.8177559e-01  -4.7469696e-01   9.3519247e-01   9.6807140e-01  -8.1279278e-01   3.5506400e-01  -6.8432158e-01  -2.3876120e-01  -9.4993114e-01   8.0472285e-01   1.1871891e+00   7.5495869e-01  -1.5002008e-01
  -7.5763166e-02   1.4341566e-01   1.8645968e-01   1.4357170e-01   8.4232080e-01   1.6007575e+00   2.0765069e-01   2.9394758e-01  -6.6385722e-01  -2.0734894e-01   1.4290785e+00   4.2584851e-01  -5.7463133e-01   6.9234765e-01
   4.0885326e-01  -1.4529431e+00  -1.2325383e-01   1.4660009e+00  -5.5663222e-01   3.4529293e-01  -1.5844545e-01  -6.1348534e-01  -8.8420577e-02   3.8806602e-01  -7.7382463e-01   2.7567169e-01  -7.1850288e-01  -6.1436927e-01
  -1.0079519e+00   4.0108651e-01   4.5557630e-01   5.4375565e-01   1.3541311e+00   2.3956457e-01  -3.2685536e-01  -6.4808786e-01   2.7657989e-03   5.8348328e-02   5.0341940e-01   1.2167759e+00  -8.3032466e-02  -1.0759864e+00
  -1.2416465e+00  -4.3197998e-01   2.4893494e-01  -7.7712601e-01   1.1692166e-01  -6.6006840e-03  -4.1151378e-01   6.9465774e-01   5.7286388e-01  -6.6066670e-01   1.0346351e-01   1.9233285e-01   6.4295298e-01   1.6475645e+00
  -8.2099783e-01  -1.7535573e-01  -1.6742253e-03   6.0528785e-01  -7.5422339e-03   3.9414182e-02  -8.0280519e-01  -7.0745009e-01  -8.9221582e-02  -4.2636982e-01   8.0013812e-01  -1.0130597e+00  -1.2060343e+00  -1.2130388e+00
  -9.9423677e-01  -3.8401002e-01  -9.2863131e-01  -3.8421547e-01  -5.2145994e-01   2.1621075e-02  -9.2064178e-01   8.5891020e-01  -6.3393742e-01   4.9598929e-01  -1.2878656e+00   1.5896358e-01  -7.5611162e-01   3.0479851e-01
   3.5191709e-01   1.3938097e+00  -3.5441470e-01   1.3054646e+00  -2.4450415e-01  -5.8812480e-02  -2.5187379e-01  -5.5508840e-01  -1.6167555e+00   8.3802313e-02   1.1172354e-01   6.2458128e-02   1.2961853e-01   1.2121198e-01
   3.4765065e-01  -3.6834553e-01  -6.6267234e-01  -1.1588234e+00  -1.3316701e-01   5.7733577e-01   1.7181892e-02   6.1162716e-01   1.1037828e+00   5.8239639e-01  -1.3839461e+00   7.8467989e-01   3.0724195e-01  -2.3037586e-01
   1.3635334e+00  -1.0000538e+00  -6.0741180e-01   4.6765900e-01  -7.1522462e-01  -3.1905836e-01  -6.5289080e-01   6.0502428e-01  -1.5228638e-01  -2.4527179e-01   1.7868203e-01   3.6355847e-01  -1.4954782e-01  -1.3702317e+00
  -6.1896902e-01   1.4408915e+00  -3.4120652e-01   1.3124926e-01   4.9278551e-01   2.8522792e-01  -1.2751411e+00   2.0057188e-01   4.7467577e-01  -1.1521536e+00  -1.3295323e-01  -2.4300845e-01  -8.8661611e-01   3.2588329e-02
  -3.1218407e-01   2.1402912e-01   1.8929201e-01  -5.8697522e-01  -5.8822256e-01  -7.5108415e-01  -1.3750206e+00  -3.8833755e-01  -3.7572777e-01  -7.3770428e-01   2.8615859e-01   9.3538982e-01   7.6479554e-01  -1.1391263e+00
   8.2641982e-02   2.3988098e-01  -6.9382000e-01   7.0103741e-01   9.4325167e-01  -1.0062192e-01  -5.3738713e-01  -1.6677392e-01  -1.3670347e+00  -2.4722201e-01   4.4014439e-01  -8.9798445e-01   1.0516227e+00   8.4286678e-01
  -5.9130740e-01   6.5238798e-01   4.0155381e-01   9.0224028e-01   2.1397646e-01   6.7661548e-01   1.1318970e-01  -7.3410696e-01   1.2864430e+00   7.1554981e-02  -3.5673726e-01   1.2776824e+00  -7.9008818e-01   3.8744670e-01
  -3.3537883e-01  -2.0788640e-01   2.3657726e-01  -3.0808736e-02  -9.3348950e-01   9.4528234e-01  -4.6162933e-01   1.1734300e+00  -6.9397384e-01   8.2642424e-01   1.2961440e+00  -5.2408773e-01   2.6417589e-01  -4.9331942e-01
   3.3544865e-01  -3.7209561e-01  -8.3886713e-01  -1.2179946e-01   9.3447447e-01  -4.1049087e-01   2.8376368e-01  -6.0636914e-01  -3.1306821e-01  -3.2147819e-01  -7.4691522e-01  -1.0643649e+00  -8.3272839e-01   1.3982075e+00
  -9.7985852e-01  -8.5947812e-01   2.3490095e-01  -1.7688832e-01   4.1777441e-01   7.9176182e-01  -5.8712447e-01   8.6937934e-01   4.0252212e-01   6.3381314e-01  -1.0682760e+00   4.9337783e-01  -3.0254105e-01  -1.1282017e+00
   5.4761612e-01   1.0013311e-01  -2.1932599e-01  -3.7042618e-01   2.9215297e-01  -5.6559139e-01  -6.1305779e-01   5.0912029e-01   1.4035655e+00  -1.7205975e+00  -6.1391485e-01   2.3184723e-01  -2.5398439e-01   1.9716924e-01
  -3.0159590e-01  -9.7507763e-01  -1.5641088e+00  -6.2756844e-02  -1.5794387e-01   4.6279398e-01   4.2922202e-01  -2.1087782e-01  -6.5775543e-01   7.7993460e-02   4.6213666e-01  -1.2657676e+00   1.3298213e-01  -8.7630844e-01
   6.0503441e-01  -1.2537680e+00  -2.2031212e-01   1.0460606e+00  -1.0740442e+00  -5.4015398e-01  -4.8844206e-01   6.1332673e-01   1.2553108e+00  -1.6498147e-01  -3.2245779e-01  -2.1850125e-01   1.2123853e-01   2.9948577e-01
   9.3217510e-01  -2.6553226e-01   2.1476834e-01  -7.0120090e-01  -3.3565156e-02   7.3509347e-01  -4.7776613e-01   4.6767786e-01  -8.4309596e-01  -3.3142972e-01   2.8786597e-01  -3.4146890e-01   1.3792331e+00   1.2695881e+00
   5.4356050e-01   6.3194966e-01   3.5536375e-02   3.4289923e-01  -3.1454769e-01  -1.5298385e-02  -1.5933456e+00   2.0741911e-01   7.7162230e-01  -2.9455206e-01  -1.1728116e+00   2.0280345e-01   7.3791051e-01  -9.2849404e-01
  -1.2025106e+00   1.6802983e-01  -1.3513405e+00   1.1240732e-01   4.8110723e-02  -8.0069089e-03  -9.8696357e-01  -9.5534950e-01   1.3997094e-01  -4.7231641e-02  -6.1389234e-02  -3.9711401e-01  -1.7931920e-01   1.2579203e+00
  -9.4277613e-02  -2.2691655e-01  -7.9932386e-01   3.9570636e-01  -9.7225583e-01  -6.9820964e-01   1.3143170e+00   9.2877913e-01  -2.3717071e-01  -3.7471086e-01   9.5045364e-01   1.3778444e-01   9.8912561e-01  -1.5461600e-01
  -2.0015800e-01   9.2354584e-01   3.6961749e-01   3.4457496e-01   4.4344521e-01  -1.4152924e+00  -3.3004880e-01   1.3268546e+00   2.0530298e-01  -9.1263402e-01   2.7359059e-01  -5.0379193e-01   7.9191007e-02   7.5663739e-01
  -1.2715237e+00  -9.2670381e-01   7.1206309e-02  -2.5417584e-01  -3.6670718e-01   2.6810691e-01   5.6849994e-02   6.1532639e-02   6.1475314e-02  -1.6298459e-01   6.0366684e-01   1.5336058e+00   1.2193763e+00  -8.8404134e-02
   3.9208910e-01  -6.7725265e-01   1.0241600e-01   1.5228056e+00   2.9523849e-01   5.4534680e-01   6.5790123e-01  -7.9996133e-01  -7.7681357e-01  -6.8394297e-01  -2.3744221e-01   3.2846016e-01  -5.3999305e-02   1.1672313e+00
  -7.8370368e-01   3.8436812e-01   4.1873205e-01   1.0245181e+00   1.5610707e-01   2.9215792e-01  -6.5406519e-01  -9.8647952e-02  -5.8103436e-01   6.4506125e-01  -7.4058455e-01   1.0760280e+00  -1.1550741e+00  -8.1953281e-01
   1.6278867e-01  -3.1359109e-01   7.0720094e-01   6.9323981e-01   6.1980146e-01   7.3772770e-01  -5.9769911e-01  -3.2382461e-01  -1.1320659e+00  -1.5449332e+00  -2.3111741e-01  -1.2635122e-01   8.5393786e-01  -1.9225532e-01
   5.3154844e-01   1.1000394e+00   5.8591771e-01  -2.2231679e-01   1.4980765e-01   8.4047832e-02  -8.4213519e-01   6.9179517e-01   4.8900402e-01  -1.4838095e+00   2.1658565e-01  -9.5422529e-02   1.1678220e+00  -1.9164635e-01
   4.1455835e-01  -6.7933649e-01   1.8860203e-01   1.2861947e+00   2.8361914e-01   8.2341093e-01  -7.1391124e-01  -4.3158317e-01  -3.9513288e-03   1.6724766e+00   6.7477539e-02   4.8912573e-03  -3.0892301e-01   5.7025677e-01
   5.9885609e-01   5.4821712e-01  -7.1406496e-01  -9.6891069e-01  -1.2011389e+00   1.0170342e+00   2.8109780e-01   2.3562370e-01  -5.5346692e-01  -3.6911014e-01  -4.1992465e-01   1.0441622e+00   5.0331920e-01   5.6392848e-01
   5.9105575e-01   8.1524473e-01   1.1972541e-01   6.7322618e-01   4.4386393e-01   1.7265135e-01  -1.3140200e-01   9.0212280e-01   3.2878128e-01  -1.3582982e+00   8.9392716e-01   5.4658437e-01  -5.3157157e-01   1.0616241e+00
  -9.1504055e-01   2.5298303e-01  -6.3870037e-01  -3.0829054e-01   3.1411004e-01   8.5228151e-01  -1.8230118e-01  -4.5923732e-02  -1.0450085e+00  -1.0522392e-01  -2.3543516e-01  -1.5066192e+00  -1.0031924e+00   5.4816657e-01
  -1.8488988e-01   3.9811853e-02   2.4654137e-01  -4.9650657e-01  -3.8961950e-01   6.1490440e-01   8.1946659e-01  -3.4008867e-01  -1.0118332e-02  -6.2329102e-01  -1.2608266e+00  -1.7993306e+00  -1.9761612e-01   2.9139763e-01
   9.7950839e-02  -2.0172484e-01  -1.3469311e+00   1.3826017e-01   2.0731980e-01   9.0595263e-01  -7.4817830e-01   5.3213930e-01   6.8377459e-01  -1.4769393e+00   6.7370951e-01   5.0397885e-01  -2.2217435e-01   5.9667978e-02
  -9.9355829e-01   4.1168246e-01   8.7876695e-01  -2.6482312e-02   8.6002105e-01  -7.2198933e-01   6.4143449e-02   1.1564024e-01  -4.9609223e-01  -8.0229956e-01   7.4700981e-02  -1.0574752e+00   1.2443192e+00   4.7966537e-01
  -7.4431753e-01  -9.4179526e-02  -1.3397042e-01  -1.5821324e-01  -1.3987252e-01   1.4822457e+00  -7.6196226e-03  -1.2623943e+00   2.4826959e-01  -1.3402708e+00   4.6960823e-02   9.4954250e-03  -8.5038906e-01   2.0166883e-02
   1.1762526e-01   8.4118325e-01  -1.4750935e-01   2.3566262e-01  -4.3510404e-01  -1.0051587e-01   8.9755481e-01  -9.4678244e-03  -6.3143355e-01  -8.1671733e-01   6.4355612e-01  -7.4399436e-01  -1.6465707e+00   6.7197025e-01
   3.9294222e-01  -9.4612062e-01   4.0611991e-01  -8.2623124e-01  -6.9712663e-01  -4.7222117e-01  -1.5372722e+00   5.3903031e-01   5.0419825e-01   5.0102645e-01  -7.1717727e-01  -6.2634504e-01   3.4087753e-01   4.6046776e-01
  -7.6079160e-01  -1.0704105e+00   5.7038718e-01   1.0931572e+00   2.2618292e-01  -2.9445905e-03   5.6731051e-01  -7.8056526e-01  -5.0597197e-01  -6.6004694e-01   5.4307097e-01   8.8723439e-01  -8.3134079e-01  -5.5487394e-01
   1.1580882e+00   8.8065058e-01   2.4146098e-01  -5.3562391e-01  -4.8906747e-01  -9.1659650e-02  -6.4118636e-01   6.8026268e-01  -1.4814052e-01   9.1446137e-01  -4.8808718e-01   1.3738366e+00   4.6115610e-01  -4.6916708e-01
   7.3656178e-01   5.5390877e-01  -3.6924124e-01  -3.8997573e-01   9.3735492e-01  -4.1691679e-01  -6.4540190e-01  -7.9738081e-02  -3.7851563e-01  -1.0670944e+00  -1.1898261e+00  -1.1183416e+00   5.8226341e-01  -3.1546253e-01
  -9.8820800e-01   2.1928219e-01  -8.2624859e-01  -2.2608655e-02  -3.3113620e-01  -1.9599570e-01   8.7039042e-01  -2.5555020e-02  -1.3723203e+00   1.0679041e-01   1.1774198e+00   1.0399172e+00  -1.4459421e-01   5.0448101e-02
  -1.5484650e-01  -5.1126766e-01  -4.5468563e-01   5.9086752e-01  -4.0706506e-01  -1.0686407e+00   6.4390862e-01   6.2285733e-01   6.0985017e-01  -1.1371583e+00   9.7595310e-01   5.9417498e-01  -1.0365038e+00  -5.9880998e-02
  -4.6569756e-01  -4.7051302e-01   1.3279889e+00   1.1437895e+00  -1.9165942e-01  -2.4923025e-01  -1.5273999e+00   5.4468244e-01  -3.6256805e-01   2.9506776e-01   1.7678175e-02  -2.5603345e-01   5.8242154e-01   3.7128884e-01
   9.7654440e-02   1.0321055e-01  -3.2131675e-01  -6.5121330e-02   1.0521737e+00  -9.2289788e-01  -1.1088063e+00  -7.0687860e-01  -7.5571820e-02  -3.7338775e-01  -1.0981368e+00   1.1997278e+00   4.0315375e-01  -4.8111731e-01
  -1.1632269e-01  -1.3143691e-01  -2.1805035e-01   1.5517758e-01  -5.2727914e-01  -2.6523775e-01   8.5386252e-01   4.0963200e-01  -2.0061995e-01   1.3092595e+00   6.4421818e-02   1.0489523e+00  -5.0778031e-01  -1.5923607e+00
  -7.9859859e-01   6.0488743e-01  -5.8370340e-01   5.5545777e-01  -3.0008566e-01  -8.2616132e-01  -2.9083607e-01   9.9575007e-01  -7.7784294e-01  -2.0686547e-01   7.5116593e-01  -1.4372652e+00   2.6448748e-01  -3.8812688e-01
   5.1832620e-02   4.1716808e-01  -5.9381075e-02   6.1971122e-01   1.1630411e-01   6.1660099e-01  -1.5379056e+00   1.2213805e+00   9.8813549e-02   1.3156776e+00  -4.9764222e-01  -2.2839762e-02   4.4105235e-01  -4.0003438e-02
  -2.6576704e-01   1.7850741e+00  -3.4945175e-01   5.1230419e-01  -7.0960480e-01   1.1754280e-01  -7.3556161e-01   2.0102452e-01   2.5398341e-01   1.1151034e+00  -6.8030518e-01  -3.7026271e-01  -5.4025847e-01  -2.4441269e-01
  -4.2312768e-01   2.2832736e-01  -1.4607948e+00  -1.8911956e-01  -2.1231553e-01   1.1330354e+00   1.2786387e-01   1.1557761e+00  -8.0617321e-01   5.1493180e-01   6.4940262e-01  -3.6442414e-02  -2.4810031e-01   7.2003543e-01
  -7.3158211e-01   1.4212586e-01  -4.8458180e-01   4.0043050e-01  -4.6742499e-01   8.6662966e-01   2.5215042e-01   5.6802772e-02   5.0501633e-01   1.5316738e+00  -1.1769212e+00   4.8747611e-01  -8.5391933e-01   2.4507859e-01
   1.3504496e+00  -3.7195745e-01   4.0252909e-01   2.7824221e-02   2.7068320e-01  -6.1864805e-01  -1.1630927e+00   4.0798381e-01   1.0844255e-02  -3.8773271e-01   1.0134999e-01   1.0449085e+00   2.7703196e-01   1.2532330e+00
   8.4094023e-03  -1.6991597e-01  -1.1292887e-01  -1.1859170e-01   7.7600974e-01   5.2238125e-01  -1.0300968e+00  -5.4416728e-01   1.1927632e+00   1.1846550e+00   1.2266448e+00   5.1910508e-01  -2.3336087e-03  -3.3425480e-01
  -1.7205247e-01   1.2881367e-01  -5.7523125e-01  -9.6620512e-01  -5.5152816e-01   1.6179582e+00   1.7074332e-01  -1.9278243e-01  -8.3269501e-01  -7.2325744e-02   9.2872441e-01  -3.7940010e-01  -8.4510684e-01  -5.3082997e-01
  -4.7082898e-01   8.2349068e-01  -5.6550664e-01   1.4511191e-02   1.3628118e-02  -8.6963964e-01   1.2186852e-02   5.6125766e-01  -7.7611364e-02  -1.2165271e+00  -1.5009342e+00   8.2627791e-01   4.8941520e-01   2.1801199e-01
  -1.9787176e-01  -3.7392107e-01  -2.7781329e-01   3.2484633e-01   2.7731091e-01  -1.7623872e-01  -1.0858061e+00  -2.3838471e-01   4.5801431e-01  -9.1969109e-01   2.3900247e-01   1.5762898e+00  -1.2924148e+00  -1.6372040e-01
  -2.9465247e-02  -8.5003293e-01   2.6577663e-02  -8.3456659e-01  -7.3785794e-01  -7.2035581e-01  -1.5811843e-01  -3.4235138e-01  -1.1346687e+00  -1.4471700e+00   6.5998673e-01  -1.2977147e-01  -3.7458757e-01  -6.3190347e-01
  -4.3132511e-01  -1.3343729e+00   8.6388975e-01   1.4311486e-01  -5.0974745e-01   9.1397685e-01  -6.7899317e-01  -2.2935157e-01  -9.5482761e-01  -5.0517291e-01   8.1871903e-01  -1.0816573e-01   6.6565335e-01   6.0481346e-01
   1.2128873e+00   5.3529080e-02   2.4200665e-02   1.2163382e+00  -9.6771264e-01   9.5109928e-01  -1.6918398e-01  -3.2185009e-01  -6.7997731e-02  -9.9538332e-01   2.0118263e-01   6.7177624e-01   6.9276458e-01  -3.2498407e-01
  -4.3691117e-01   1.6103502e-01   4.4994029e-01   1.4473207e+00  -1.2241169e+00   5.1851344e-01  -3.7256184e-01   6.1796421e-01  -3.3201027e-01   2.2542331e-01  -9.5828390e-01   8.9459461e-01  -2.7933770e-01   4.9021295e-01
   3.7632573e-01   9.1858333e-01  -1.1973961e-01   7.2676325e-01  -3.5449496e-01   6.2159047e-02  -5.4329145e-01  -1.4430055e-01   2.9738995e-01  -1.4049387e+00   2.6125985e-01  -1.6926185e+00  -1.7418142e-01  -2.6385013e-02
  -1.5722809e+00  -8.3354354e-01   6.7362303e-01  -6.0885680e-01   4.1382352e-01  -8.6536717e-01   6.1515498e-01  -1.1631711e+00   4.8990512e-01  -1.1845566e-01  -2.1424428e-01  -1.6271381e-01   1.2203790e-01   1.2594295e-01
  -1.9910540e-02   5.0053304e-01  -1.2503611e+00  -4.5960000e-01   8.4159654e-01   1.0700809e+00  -1.6388918e-01  -6.1327314e-01   1.2508932e+00  -9.7846732e-02  -7.2807038e-01  -2.8057617e-01   1.8042220e-01   7.0883340e-01
   2.8654185e-01  -2.7762574e-01   7.7746993e-01   3.2558674e-01   1.3154017e+00  -6.1608352e-02   1.8472759e-01   6.6338998e-01  -9.7889334e-01  -6.4614606e-01   1.1442196e+00   6.5178770e-01  -2.3751096e-01  -8.6939555e-01
  -5.7592827e-01   2.5655344e-01  -7.8685361e-01  -3.8047495e-01  -9.9198270e-01   7.9657227e-02   5.9157453e-02   1.1598195e+00   3.1786162e-01  -1.5438579e+00  -2.9461148e-01  -2.4738464e-01  -7.1146286e-01   6.0068530e-01
  -1.6407810e+00  -5.1476991e-01  -8.6225569e-02   1.7137427e-02  -3.6657450e-01  -5.9073818e-01   1.4649029e-01   8.1250304e-01   9.8155516e-01   1.5192315e-01  -5.6461257e-01   1.1060781e+00  -4.8996171e-01   3.1837440e-01
   2.8188005e-02  -9.5965499e-01   4.8139885e-01  -9.5771009e-01   8.7050343e-01   1.3888758e-02   3.4271461e-01   1.0599319e+00  -9.4499141e-01   1.8325718e-01   1.7017829e-01   4.9515482e-02  -1.3697897e+00   3.1001368e-01
  -1.0601373e+00  -2.9182890e-01  -4.4225127e-01   2.7382255e-01  -5.7100815e-01  -2.3237613e-01  -9.1320992e-01  -1.2345883e-02  -1.4989045e+00   6.7568195e-01   9.6052390e-01  -1.2839641e-01   5.3618051e-02   8.1301820e-01
   4.4779944e-01   4.6091408e-02   7.7930981e-01  -2.9794401e-01  -4.9522087e-01  -3.6310723e-01  -6.0780239e-01  -3.5633507e-01  -5.0717986e-01  -8.4492177e-01  -1.0935743e+00   1.1394339e+00   1.2149056e+00   5.3519458e-01
   2.8502029e-01   1.7860867e-02  -1.4044237e+00   1.0112722e-01   8.7346071e-01   1.2959430e-01  -1.2733927e+00  -1.8338077e-01  -1.1287349e+00   6.6289085e-01  -7.5280279e-01  -3.8509348e-01  -1.5482451e-01   2.2018190e-01
  -1.3590661e-01   2.7494175e-02   7.7894640e-01   2.1652752e-01   2.4194969e-01   6.9974285e-01   8.3302295e-01   4.3366978e-01  -6.8037200e-01   4.9090368e-01   1.3302700e-01   8.5368976e-02  -1.5656013e+00  -1.3103327e+00
  -1.6635888e+00   7.7316970e-01   1.5723474e-01   2.2118714e-01  -6.2406904e-01   3.5433003e-01  -2.9441035e-01  -1.5722683e-01   7.0197687e-02   4.4964188e-01   8.9338589e-01   5.7293427e-01   9.5048070e-01   8.3529270e-01
   5.2229804e-01  -1.1118186e+00  -1.5410761e+00   9.6558817e-02   7.2520238e-01  -5.4992598e-01   1.7516847e-01   6.2962484e-01  -1.4714032e-02   1.1223243e-01   1.0407745e+00   8.6067274e-02  -6.0756969e-01  -6.1547059e-01
  -3.6055896e-01   6.2991738e-02  -4.0720510e-01   5.0827777e-01   1.9317786e-01   2.7648267e-01   6.1041749e-01   8.7956309e-02   8.6376888e-01  -1.7207183e+00  -1.0618877e+00  -6.2719107e-01   7.5492001e-01  -3.8718721e-01
  -8.5584092e-01  -3.4365880e-01   1.0116539e+00   1.0669421e+00  -8.8197261e-01  -8.6689651e-02   4.2444482e-01   1.2916515e+00   1.7413709e-01  -8.0691648e-01   4.4044587e-01  -5.6514430e-01   1.3912958e-01   3.7355423e-01
  -7.4122410e-04   8.7644541e-01  -6.1399549e-01   1.8242337e+00   5.7767290e-01   1.3461283e+00  -2.7109841e-01   1.4499111e-01  -8.4495462e-02  -9.2821985e-02   2.3060855e-01   2.2521423e-01   2.8987789e-01   2.8819096e-01
