   9.9025980e-02   1.3414571e-01  -4.5904249e-02   1.4375377e+00   3.8743323e-01   3.0729827e-01  -1.3022413e+00   5.8267242e-01  -6.9219571e-01   3.8021865e-01
  -3.3887076e-01   5.8190310e-01   6.0545690e-02  -5.5819756e-01   9.3530703e-01   1.5112416e+00   2.8394479e-01  -1.0352746e-01   9.1468036e-01   3.8035846e-01
   1.4919713e-01   1.2656817e-01  -2.4903397e-01   4.5456827e-01  -3.9880452e-01  -1.0661983e+00  -3.3725765e-02   5.8427876e-01   2.4967648e-01   1.7298523e+00
  -6.6759276e-01  -8.8513143e-02  -5.3063166e-01  -7.0385075e-01  -6.7556727e-01  -2.0052463e-01  -9.1084534e-01  -1.0383458e+00   6.8128228e-01   9.4918978e-01
  -1.3908331e+00  -8.2111090e-01  -1.2463405e-01  -4.6863288e-01  -1.1126356e-01  -6.2050849e-01  -2.8203657e-01  -7.3619604e-01   4.0649417e-01  -9.8591757e-01
   7.6948553e-01   1.0846463e+00  -8.2205677e-01   7.2905831e-02   3.4314658e-02  -1.0087897e+00   2.7221534e-01   1.0835490e+00   2.9042834e-01  -4.4607183e-01
  -5.5428600e-01  -8.0748045e-01  -6.0627532e-01  -8.0115265e-01   1.5762645e-01  -1.0900978e+00   1.8416835e-01   1.0164367e+00   8.5134453e-01   1.6223119e-01
   2.0354782e-01   4.2639384e-01   1.0027171e+00  -5.3787726e-01   1.1821374e-01  -3.4742135e-01  -5.3213324e-02   3.2780698e-01   1.2465262e+00  -1.2973859e+00
  -7.5157034e-01  -1.3042994e-01   1.2837809e-01   8.7528723e-01  -9.5905399e-01   4.4712517e-01  -2.4367976e-01   3.7242824e-01  -9.8708785e-01  -1.1590475e+00
   1.7115389e-01  -1.0148085e+00  -1.2534914e+00  -1.4410844e-01  -4.3722701e-01   6.7976467e-02   6.2376660e-01   7.8040463e-01  -6.8936843e-01  -8.2445699e-01
  -6.9306839e-01  -9.4523185e-01   1.9685346e-01  -6.0596579e-01   8.5349515e-02   1.2539740e+00  -2.6246047e-01   1.2073767e+00  -1.0601763e-01  -3.2035694e-01
  -1.5332642e-01  -1.3461969e+00   3.2551968e-01   9.6961731e-01  -8.0437911e-01   7.7095382e-02   5.4209255e-02   1.0674953e+00  -3.6681570e-02   5.6685489e-01
   5.9424180e-01  -1.3675290e+00  -3.2622334e-01   9.8708719e-02   5.3058874e-02  -1.1315251e-01   4.5636702e-01  -1.9592048e-01   1.3550186e+00  -7.4981737e-01
   1.0382802e+00  -1.1674583e+00  -3.2175165e-01   5.3266758e-01   7.6062423e-01  -8.8126397e-01   4.3858129e-01  -3.0419248e-01  -3.3784395e-01   6.4618516e-01
   9.7412324e-01   1.5213645e-01   1.0511855e-01  -6.9986320e-01  -5.1714897e-01   2.6901624e-01  -1.0465935e+00   1.1430761e+00  -5.3052253e-01  -7.0981145e-01
  -1.3567622e-01  -5.2220541e-01   4.6415401e-01   6.5352619e-01  -7.0062034e-02  -3.8846481e-01   7.8106159e-01  -1.3833233e+00  -7.5297511e-01  -9.0550125e-01
