   6.6904706e-01  -8.3946198e-01  -8.1681764e-01  -4.2483985e-01
   3.4243554e-01  -1.1977282e-01   6.2737173e-01  -1.2144122e+00
  -2.2191346e-01   3.2118922e-01  -1.9546466e-01   1.3451339e+00
  -1.3337829e+00   1.5892667e-01  -6.0263608e-02  -4.3833080e-01
   6.1472815e-01   6.0130697e-02   8.3742714e-01  -9.5771050e-01
  -8.1717014e-01  -9.5600945e-01  -6.4674324e-01  -1.4010099e-03
   1.2236394e+00   6.1769849e-01   3.4528553e-01  -4.3968700e-02
   1.2809554e+00  -2.1673323e-01   1.3937989e-01  -5.4106659e-01
   5.3597349e-01  -1.1612672e-01   7.9338849e-01   1.0343026e+00
  -2.3862891e-01  -8.8339442e-01  -6.8122053e-01   8.3582842e-01
  -4.5079857e-01   5.6586748e-01   4.1358626e-01  -1.1425940e+00
  -4.4163635e-01  -6.5057617e-01   5.8059537e-01  -1.0220650e+00
   1.2343317e+00  -6.0695857e-01   2.2048151e-02   3.2793385e-01
  -2.3706186e-01  -9.4321674e-01  -6.4878976e-01  -7.9574853e-01
  -1.3833536e+00  -2.3901165e-01  -6.2700785e-03  -1.7078389e-01
  -9.6223153e-02  -5.6782782e-01  -2.2649516e-01  -1.2716180e+00
  -1.3774513e+00  -1.1648878e-01   7.0183612e-02   2.9005602e-01
  -9.4003296e-01  -6.9080782e-01   7.7615494e-01   1.9158886e-01
  -1.9694072e-01  -1.0563037e+00   9.1947466e-01  -1.7249812e-03
   6.7030430e-01   4.8513299e-01  -8.8984227e-01   7.2354615e-01
   3.0460131e-01   1.1377951e-02   1.2079931e+00  -6.6920936e-01
   5.6254488e-01  -9.3721673e-02   1.2746689e+00  -2.2355880e-01
   6.7700404e-01  -3.9155981e-01   1.0126269e+00   6.0243917e-01
  -1.2092164e-02  -1.2504489e+00   2.9878232e-01  -5.8903337e-01
   4.6927792e-01  -1.7340969e-01   3.4349230e-01   1.2773880e+00
   1.1496842e+00   3.0451804e-02  -3.7596697e-01  -7.3208451e-01
  -9.1302937e-01   9.3234378e-01  -3.9760098e-01   3.7286171e-01
  -9.9249893e-01  -9.8936778e-01   1.2590064e-01   1.4228952e-01
  -2.9146180e-01  -1.2369555e+00  -3.7269256e-01   4.9607596e-01
  -6.4906877e-01  -1.1127963e+00  -1.3813800e-01  -5.6684381e-01
   9.5557171e-01  -8.0210453e-01  -1.8414255e-02   6.6571164e-01
  -3.1291503e-01  -1.1114899e+00  -8.1543070e-01   4.1801725e-02
