   9.8077190e-01   5.3432584e-01  -1.0585792e+00   3.8240433e-01  -2.1329679e-01   6.1212415e-01  -7.8272128e-01  -6.7298996e-01
  -4.0720633e-01  -1.4507239e-03  -1.0216357e+00   3.7094739e-01   1.1447026e+00   4.8878518e-01   1.0226281e+00   2.4045070e-01
  -3.7333250e-02  -7.8192645e-01   6.2227607e-01  -3.9633846e-01   5.5219465e-01   8.3744305e-01   1.2841550e+00   4.3313003e-01
  -1.3740002e+00  -6.4990067e-01   1.0059245e-01   8.3018786e-01   2.9123574e-01   5.9706174e-02   9.0950936e-01   2.7355245e-01
   8.9837408e-01  -2.2696601e-01   4.3540302e-01  -2.6716530e-01  -1.2444780e-02  -9.0400703e-02  -1.4976987e+00   7.9311299e-01
  -2.6629496e-01   9.1362663e-02  -1.2191579e-01   8.0808681e-01  -2.0810695e-01   1.3385463e+00   1.1675116e+00   2.3403959e-01
   6.2898701e-01  -6.2181950e-01   4.2958751e-01  -4.4665769e-01  -5.2253462e-02  -7.4917406e-01   1.3331389e+00  -7.0172352e-01
  -1.5479521e+00   5.7024926e-01  -3.4669372e-01   5.0910908e-01  -1.2880185e-02   9.4059688e-01   7.2336338e-02  -9.5658489e-02
  -1.0632018e+00   5.2927256e-01   1.1741201e+00  -3.1586805e-01   6.2471980e-01   7.8963965e-01  -2.7104312e-01   1.5450579e-01
  -6.5483391e-01  -1.5217220e+00  -2.4506485e-01   1.5034860e-01   9.6869725e-01  -3.9044946e-01  -1.0008505e-01   2.6842353e-01
   1.2555325e+00   1.2583666e-01   3.8654408e-01   1.0568663e-01   1.2441884e+00   2.7974078e-01  -1.9461514e-02   7.8776860e-01
   2.7496389e-01   7.0676792e-01   7.5162493e-02  -5.5621535e-01  -5.8724922e-01   7.7829123e-01   1.4331698e+00   3.2446012e-01
   2.2780184e-01  -3.5505465e-01  -8.9026529e-01   1.2931301e-01   9.5776218e-01   3.5420731e-01  -7.7313954e-01   1.1714233e+00
  -1.3032432e+00   2.1954665e-01   2.9317869e-02   5.7196504e-01   9.6884352e-01  -2.7034643e-01  -3.3396083e-01   8.9558840e-01
  -1.4951128e-01  -4.7746095e-01   5.8122379e-01  -6.5195787e-01  -5.5421579e-01  -8.2792175e-01  -4.1536435e-01   1.3496927e+00
  -8.2041782e-01   3.8345918e-01   9.1424423e-01   1.3667860e+00   3.9660186e-02   4.6290031e-01  -1.0936805e-01   4.9811274e-01
   5.1436789e-02   6.5063810e-01   4.8021850e-01   4.1508198e-01   3.9907944e-01   3.8159188e-02  -3.3353382e-01   1.7026907e+00
   4.8937288e-01   1.6736741e-01  -9.3860507e-02   9.0028667e-01  -6.0347909e-01   1.3249462e+00  -3.4831655e-01   8.1986719e-01
  -7.6167023e-01  -2.0334697e-01  -7.1331787e-01  -9.7456139e-01   3.0168816e-01  -4.5320258e-01   3.5178417e-01   1.2246451e+00
  -7.9890871e-01  -1.3791161e+00  -7.8305349e-02  -1.0012249e+00  -5.0622898e-01   2.6071283e-01  -1.2805602e-01   3.3251172e-01
   9.1604665e-02  -2.3205444e-01  -7.1329892e-01  -9.3903875e-01  -8.6996913e-01   1.1975142e+00  -5.9234571e-01   7.3552087e-02
   1.0736717e+00  -1.2822995e+00  -3.2083404e-01   9.2917061e-01  -1.3017312e-01   2.1828546e-01  -4.1478458e-01   2.1912202e-03
   9.6891797e-01   1.3188663e-01  -4.6694279e-01  -7.1997458e-01   2.3962831e-01  -4.3868631e-01  -1.0638215e-01   1.4304616e+00
  -5.5263716e-01  -1.5377218e+00  -5.7021135e-01   5.0953823e-01  -5.9559125e-01  -1.2884733e-01  -3.1367335e-01  -5.2489263e-01
   1.8425249e-01  -1.1002049e+00  -2.8868780e-01   1.0537186e+00   3.3742106e-01  -1.0593615e-01   1.0231447e+00  -6.2452853e-01
   1.1215519e+00   7.8287828e-01  -9.4678563e-01  -3.7981585e-01   9.4067246e-01   3.3577871e-01   2.8230965e-01  -1.0606232e-01
  -1.0718517e+00  -3.4757805e-01  -5.9231198e-01   7.3339683e-01   7.8656268e-01  -5.7292026e-01   3.2317825e-02  -9.4533390e-01
   1.3235133e+00  -7.9571253e-01   1.1843991e-01   2.2856468e-01  -2.1100636e-01   3.9800453e-01   1.0902816e+00   3.9653328e-01
  -2.4199690e-01   2.2388086e-01   3.5526770e-01   2.5589851e-01   3.5981696e-02   1.7078208e+00  -7.0224690e-01  -5.3713840e-01
  -5.5979156e-01   5.5867732e-01  -1.2388830e+00  -9.5080692e-01   5.1176727e-01   2.0062412e-01   5.7853693e-01  -5.4661453e-01
   7.0040339e-01   5.9880394e-01  -4.6674731e-01  -6.2261552e-01   2.7975032e-01   1.2145896e+00  -5.5830330e-01   8.2472706e-01
  -1.4959447e-01  -2.0251676e-01   1.2242850e+00   8.3445317e-01  -1.8696034e-01  -2.4963753e-01   1.2820570e+00  -2.1894734e-02
