   1.2294558e+00  -6.7137666e-02   6.3047391e-01   4.2357966e-01  -8.4479403e-01  -5.0492257e-02  -4.9313098e-01  -1.3699154e+00   1.5507510e-01   2.1654722e-01
  -3.8296005e-01   1.3810219e+00  -4.0821826e-01   3.2467499e-01   3.3372492e-01  -1.5312237e+00   1.6304693e-01  -1.9785009e-01   3.4614334e-01   1.8028107e-01
   2.7859327e-01  -8.7053221e-01   4.3578517e-01  -1.1267505e+00   6.9971651e-01   6.4654696e-01  -1.3824475e-01   6.3169438e-01  -2.3385154e-01  -1.1509219e+00
  -3.2674539e-01  -5.4779631e-01  -5.1112533e-01  -1.4711607e+00  -1.0818132e-01  -4.2887676e-01   4.5511460e-01   1.0902288e+00   2.9700792e-01  -6.9857949e-01
   6.0666460e-01  -1.7348311e+00  -4.9042320e-01  -1.8233319e-01   1.3323009e-01  -7.1438581e-01   6.0053170e-01  -7.4450229e-03   1.9306169e-01  -6.4999652e-01
   2.7674383e-01  -1.2214237e-01  -2.0894065e-01  -5.0329900e-01  -9.6358484e-01   9.0809286e-01  -3.7999886e-01   1.3738114e+00  -1.3660154e-01  -8.9887875e-01
   6.7649603e-01   2.8547263e-01  -6.4675492e-01  -8.7680924e-01   1.3953893e-01  -4.5265508e-01   1.4684535e+00   2.8744459e-01  -8.9002657e-01  -1.3519381e-01
  -6.7695564e-01  -3.2483378e-01  -8.1066304e-01  -7.6534212e-01  -4.4042054e-01   1.1242582e+00  -4.1866180e-01   1.0000709e+00   3.6211914e-01   6.5483910e-01
   1.0136822e+00  -7.8585243e-01   2.7755737e-01   8.1595802e-01  -5.1926672e-01   7.2909224e-01  -8.1394821e-02   2.8067645e-01   2.7009612e-01  -1.2854916e+00
   1.1034452e+00  -7.3687601e-01   5.2150679e-01  -6.5075058e-01  -1.7164959e-01  -7.7919549e-01   3.9740032e-01   1.1712183e+00  -5.2851188e-01  -3.1362855e-01
  -2.4598283e-01  -5.2638519e-01  -5.0504154e-01   1.7621423e-01   7.4607146e-01   1.0869130e+00   1.0765584e+00  -1.1820199e+00   1.8673488e-01   2.1742152e-01
   9.3220019e-01   8.6259282e-01   5.4534632e-01   2.1268497e-01  -8.6476028e-01   3.8006091e-03  -5.4795688e-01  -9.9539891e-02  -6.9327247e-01   1.2270626e+00
  -5.8069944e-01  -6.3512045e-01  -1.8807456e-01  -2.4318901e-01  -1.8325195e-01  -4.2114577e-01  -5.6018525e-01   1.6050029e+00  -1.0089345e+00  -2.1485153e-01
  -1.3801424e-01  -9.0653598e-01  -1.4231648e+00  -5.3343773e-01  -2.8128270e-02  -5.8095223e-01  -2.4126570e-01  -1.6074205e-02   1.1456856e+00   3.7393999e-01
  -4.6997064e-01  -1.3665048e+00  -3.7580040e-01  -5.0436985e-01   3.8782793e-01  -4.6468358e-02  -1.0348134e+00   1.0320816e+00   4.7659516e-01  -2.0825861e-02
   6.8614714e-02  -3.8133019e-01   4.7417194e-01  -1.3772969e+00  -9.5233679e-02  -5.9539491e-01  -4.5684221e-01   4.3130311e-01   7.8291893e-01   1.1648344e+00
  -5.2810818e-01  -1.0293866e+00   4.0911887e-02   8.1161952e-01  -2.4170701e-01  -5.5669630e-01  -3.6537141e-01   9.5924869e-02   1.2870537e+00  -9.1297680e-01
   2.5467965e-01  -3.4623805e-01   9.7527611e-01   1.4053054e-02  -6.4707053e-01   2.9854295e-01  -7.0246041e-01   2.9943585e-01  -1.0186996e+00  -1.3172727e+00
  -4.4082678e-03  -7.0441194e-02  -2.6912443e-02   9.3868399e-01  -7.7685636e-01   7.9839414e-01   5.4866914e-02  -1.0755813e+00   9.9649817e-01  -8.4813529e-01
   1.5140622e+00  -1.0711733e+00   2.6798204e-01   3.3559230e-01   1.7860577e-01  -3.5884503e-01  -1.5991755e-01   7.7481885e-03  -6.0252905e-01   9.0907782e-01
   3.2366100e-01  -6.1153293e-01  -5.0924774e-02   6.4250624e-01  -4.1171464e-01  -8.4912211e-02  -1.7073045e+00   7.1374249e-01   9.9117547e-02  -7.0356441e-01
  -1.8072143e+00  -2.9288778e-01   8.6883152e-01   3.4687239e-01   1.6518998e-01  -2.1811074e-01   4.6198615e-01   4.5135769e-01   4.5382467e-01  -2.7392250e-01
  -1.1142482e+00  -3.8763607e-01   5.0320548e-01  -5.4670942e-01  -4.9510354e-01  -1.2787339e-01  -6.5098000e-01   6.0437912e-01   2.5717515e-01  -1.3926288e+00
   8.1592470e-02  -2.5513604e-01   6.6156650e-01   7.5685734e-01   5.2126043e-02  -8.6212528e-01   1.1366626e+00   3.8742554e-01  -1.2842264e+00  -2.8360122e-01
  -9.1585830e-02  -1.1961232e+00  -9.8667577e-02  -4.3033823e-01  -1.0395664e+00   4.1703138e-01  -1.0798059e+00  -5.3088546e-02   4.1843534e-01   8.7605596e-01
   6.7794449e-03  -1.2327466e+00  -9.0407294e-01  -1.0680704e-01  -1.0228313e+00   5.9004343e-01  -7.2095118e-02   3.0179030e-01   8.3224595e-01  -6.8431789e-01
  -1.7920318e+00  -4.1266194e-01   1.1039256e-01  -8.3444673e-01   5.8174145e-01   1.3085255e-01  -1.8989610e-02  -3.0702475e-01  -6.3747859e-01  -2.3085792e-01
  -3.3634794e-01   1.3211011e+00  -7.8846401e-01   6.8382090e-01  -1.2863026e+00  -4.4545388e-01  -1.3537608e-01   3.5151887e-01  -1.1331649e-01  -2.1104258e-01
  -1.2369930e+00  -8.4498733e-01  -7.6171160e-02   2.6534376e-01   1.1086169e+00   3.8934016e-01   4.1006535e-02   5.6762612e-01   1.9854476e-01   9.6732485e-01
  -6.3782865e-01   3.6294270e-01  -6.5102756e-01  -8.6154044e-01  -1.3402385e+00  -7.9302110e-02   2.3744358e-01  -2.4339968e-01   1.1732382e+00   2.6830532e-02
   7.7390754e-01  -6.3675314e-01  -6.4982909e-01  -1.3499800e+00   8.6123455e-01  -4.9742147e-02   5.9252816e-01  -1.1251423e-01  -2.5496287e-02   8.0143011e-01
   6.9067496e-01  -2.2131397e-01  -9.9504185e-01   1.3182947e-01  -8.7142742e-01  -4.9254537e-02  -7.7244687e-01   1.2947019e+00   3.1230620e-01   5.7812345e-01
   1.3139417e+00  -2.9577106e-01   1.4421096e-01  -5.5625790e-01   4.2286822e-01   3.4014046e-01  -3.2060957e-01  -6.8993163e-01   9.3327248e-01   1.0543009e+00
  -1.4582939e-01   5.8375604e-02  -3.7711516e-01  -4.0169880e-01  -8.6271161e-01  -1.5327492e+00   3.2789803e-01   5.2802008e-01  -8.9451998e-01  -6.2583399e-01
   1.0406893e-01  -5.7767051e-01  -6.9206618e-02  -3.9334047e-01  -9.2354082e-02  -1.5545046e+00   3.6117372e-01  -1.0333695e+00   9.1131526e-01  -2.0530847e-01
   1.0724585e+00   5.7279859e-02   9.9958366e-01   1.0060601e-01   7.9297207e-02  -7.1991283e-01  -5.2415681e-01   5.2101129e-01   4.8038185e-01  -1.2392496e+00
   2.9259709e-01  -1.1496580e+00   3.2461005e-01   5.6068212e-01   2.3762168e-01  -1.0689070e+00  -1.0418345e+00  -1.4356136e-01   6.3260663e-01   6.8387938e-01
   1.0216457e+00   7.7864701e-01  -7.7241945e-01  -1.0552813e+00  -2.5751695e-01   2.9005073e-02   4.1380662e-01  -5.6684071e-01   1.0379032e+00   5.2493557e-02
  -1.3521399e-01  -3.1114832e-01   3.1692871e-01  -9.1289245e-02  -6.9569534e-01  -1.9454594e-01  -6.0478789e-01  -1.1844552e+00   1.4718062e+00   5.6512898e-01
  -2.9037231e-01   2.6581097e-02   2.8860694e-01  -4.7167617e-01  -6.3517675e-02  -3.9425600e-01  -1.3070526e+00   4.9825378e-02  -1.6483568e+00  -1.4758892e-01
  -3.2538685e-01  -1.3710606e+00   1.0397567e+00  -4.3046355e-01   4.3422294e-01  -7.4311960e-01  -4.2174804e-01  -1.6160679e-01  -1.2854476e-01  -8.8692486e-01
   3.5150078e-01  -1.3641544e-01   6.3827716e-02   1.2124430e+00  -8.5589510e-01   2.4870808e-01  -2.2822015e-01   1.2536941e+00  -9.7485232e-01  -1.2313838e-01
  -1.3706136e-01  -6.6925526e-01   1.4581265e+00   1.0472664e+00   3.6565882e-01   3.3985469e-01  -1.1946380e-01  -3.1188035e-01   2.5334336e-02  -9.7417748e-01
  -1.4966934e+00  -7.5098038e-01  -4.5403290e-01   1.1287294e-01  -5.9310243e-02   6.3580507e-01  -3.0282238e-01  -1.9054559e-01   1.1998314e+00   4.0999483e-02
   1.1343125e+00  -6.7197627e-01  -5.3731138e-01  -1.2795182e+00  -9.3697861e-02   4.6335199e-01  -4.2708686e-01   6.2970811e-01   7.2790003e-01  -6.0532019e-02
   3.3354753e-01   5.1182365e-01  -1.5079499e-02  -1.4898357e-01  -1.0707103e+00   6.1245587e-02  -5.1559359e-01   4.5772031e-01   1.2817235e+00  -1.1558666e+00
  -3.9186221e-02   4.8197171e-01   1.8739888e-01  -1.7065214e+00   2.8523204e-01   7.3151815e-01   4.6871927e-01   5.6424624e-01   7.1011144e-01   4.0003538e-01
  -1.0811458e+00   4.2486620e-01   1.5318760e+00  -2.5749266e-01   9.0807505e-02   1.2809663e-01  -8.4764206e-01  -9.8824792e-02  -4.5913410e-01  -5.2339607e-01
  -6.4076167e-01  -1.1080177e+00  -6.3088912e-01  -3.1041820e-02  -2.4064606e-01  -1.2702745e+00  -8.7605572e-01  -2.3493220e-01  -3.2872844e-01  -6.0041618e-01
  -3.2154748e-01  -2.9942608e-01  -4.5080838e-01   2.4215065e-01  -1.6993363e+00  -2.8863925e-01  -1.7558146e-02  -8.0213517e-02  -2.6382324e-01  -1.2237990e+00
   3.2101944e-01  -8.5841542e-01   1.0774928e+00  -5.5241168e-01  -6.0081176e-02   6.0638469e-01  -1.1277560e+00   2.9708031e-01   9.5461971e-01  -2.2631688e-01
  -1.2972059e+00  -1.7783913e-01   4.7299191e-01   6.6285592e-01   4.6876523e-01  -6.9839561e-01  -5.9697449e-01  -8.2274222e-01   1.8910003e-01  -9.1977781e-01
  -6.1168152e-01   2.3002350e-01  -8.3433175e-01   6.7998594e-01  -8.2842851e-01  -4.7624981e-01  -1.1211388e+00  -7.7713251e-01   6.9525558e-01  -3.9631993e-01
   1.6424803e-01   1.2357954e+00   1.1837009e-01  -2.0130293e-01   2.5733978e-01  -3.1917492e-01  -5.8526212e-01  -6.7288691e-01   9.4246113e-01   1.2408304e+00
   4.1333418e-02  -1.0338954e+00   6.6999817e-01  -7.2984539e-02   8.3492078e-02  -6.6606015e-01  -3.6027589e-01  -1.3276912e+00  -1.0489684e+00   1.7782967e-01
  -6.5988785e-01  -4.8815870e-01   1.0645303e+00   7.2078604e-01  -5.3287256e-01   9.2801774e-01  -2.5850457e-01   1.0038759e+00   1.2667574e-01   6.6157746e-01
   8.8745669e-02  -1.0279393e+00   8.8537514e-02  -8.0847883e-01  -1.2003906e+00  -9.7966343e-01  -4.0169153e-01   3.7206346e-01   6.6298240e-01  -3.6602920e-01
   1.3298377e-01  -4.3197042e-01   1.0672623e-01   4.7890988e-01  -6.0593885e-01  -6.9285679e-01   2.1361327e-01   1.5323361e+00   2.9908267e-01  -1.1066275e+00
   7.3032010e-01  -6.7831391e-01  -8.3476931e-01  -5.6963748e-01  -3.9832398e-02   7.4544978e-01   3.3022839e-01  -5.2230698e-01  -5.1578641e-01  -1.3341751e+00
   1.9987182e-01  -1.1331432e+00  -7.3118275e-01  -7.4594325e-01  -6.2502122e-01  -6.7235756e-01   6.4414209e-01   6.9052875e-01  -2.6380026e-01   8.8369828e-01
  -2.9738504e-01  -1.3683105e-01   9.9830359e-01  -4.1923806e-02   5.6785560e-01  -5.3991991e-01   8.8308859e-01   6.2617785e-01  -1.0859571e-01  -1.4480197e+00
   1.1666229e+00  -5.0324881e-01  -7.3574334e-01   2.9662696e-01  -6.1596221e-01  -5.7901782e-01  -3.9113548e-01  -5.7235098e-01   9.5359772e-01  -8.0736190e-01
   9.2390597e-01   5.6924510e-01   4.5412567e-01   2.6114138e-02  -1.1170142e-01   1.5642766e-02   1.3149893e+00   1.1353513e+00   4.1490668e-01  -6.4215004e-01
  -2.6033947e-01  -2.8042177e-02  -1.4290683e+00   1.6003498e-01  -7.7248597e-01   6.0293190e-02   8.6719942e-01   1.0782839e+00  -5.3941828e-01  -2.3982598e-01
