  -5.3412163e-01   8.3195782e-01   1.1126002e+00   9.6632701e-01   4.3252730e-01   1.1343994e-02  -7.1656233e-01   2.1616562e-01  -1.4387380e-01   2.7743006e-01  -3.4346417e-01  -1.3739945e+00
  -1.0791235e+00  -6.9425517e-01  -5.1466006e-01   3.6642262e-01  -6.4329505e-01  -8.1662518e-01  -2.6550326e-01  -2.7100302e-03   1.5843168e+00  -5.5619303e-02   2.5393999e-01   4.7488695e-01
   1.8155982e-01   6.1647570e-01  -3.7244081e-01   1.3460150e-01   9.1008753e-01  -6.0325646e-01  -4.8857743e-01   7.3251146e-01   4.7865528e-01   1.4609479e+00  -3.4123889e-01  -9.9135345e-01
   2.1671179e-01  -9.8940633e-02  -9.1506153e-01  -7.5149345e-01   1.1312996e+00  -9.7772664e-01   6.8730199e-01  -8.8101000e-01  -8.8872093e-01  -3.4695929e-01  -3.6478737e-01   1.1636347e-01
   6.6702336e-01  -5.1281470e-01  -4.9312806e-01   1.0258063e+00  -2.0726866e-01  -4.9304244e-01   1.5921023e-02  -4.5889619e-01  -1.1580141e+00   7.5951147e-01  -5.7295084e-02  -1.2564315e+00
   5.5782545e-01  -1.0795506e-01   2.0379838e-01  -8.7715214e-01   6.3311356e-01   5.8927927e-02  -1.6474781e+00  -3.7941465e-01   1.0597889e+00  -3.1708261e-01  -6.1647224e-01  -8.3182640e-03
   4.9473640e-01  -5.7729733e-01  -1.3200833e+00   5.6220198e-01   7.6369280e-01  -2.3494701e-01  -6.6413742e-01   1.8035915e-01   7.8877693e-01   1.2271554e+00  -3.3245903e-01   1.1238221e-01
   1.0382986e+00   2.5392506e-01   3.3074400e-01  -1.2368574e-02   6.8105984e-01   1.9571453e-02  -3.3503670e-01  -1.5448761e+00   1.2111652e+00   3.9709103e-01  -1.2150665e-01  -3.8135412e-01
   3.4051874e-01  -8.8539690e-02   1.3294308e+00   1.9619800e-01   5.0172782e-01   6.9030583e-02  -6.4500082e-01  -9.5220619e-01  -8.5230696e-01  -3.5634667e-01   1.2355026e-01   1.2737480e+00
  -1.6676295e-01   4.8026428e-02  -5.7039976e-01   2.4819630e-01   9.9695015e-01  -1.2917248e+00   7.4147493e-01   2.6110902e-01   7.5700030e-02  -3.8887820e-01  -3.2985065e-02   1.4643961e+00
   2.7281463e-01  -1.6552351e+00  -8.9979136e-01   1.1872251e-01   2.9881164e-01  -6.9507532e-02  -7.1712500e-01   5.5628794e-01  -3.3221704e-01   4.0521953e-01   5.3512943e-01  -9.3982458e-01
  -3.8883477e-01  -4.5930460e-01   1.2187288e+00   1.6391592e-01  -6.5372723e-01   3.2200015e-01   5.7540029e-01   1.2618157e-01  -3.4336022e-01   1.1900016e+00   9.9234873e-01  -8.5374016e-01
  -6.8133438e-01  -7.3973787e-01   8.0571878e-01   7.1053469e-01   1.7652194e-01  -4.0018520e-01   8.8056839e-01   9.0273368e-01  -2.5668719e-01   4.9904478e-01  -3.9391363e-01   1.2580900e+00
   8.7973899e-01   8.9588886e-01   2.9129531e-02   1.3606365e+00  -5.3193974e-01   2.9744014e-01  -9.1424817e-01   8.6090678e-01   4.3779209e-01  -3.3033812e-01  -5.5598134e-01   1.1367235e-01
   1.0327628e-01  -4.5942250e-04  -1.0208924e+00   6.3662988e-01   4.1074190e-01   8.4400111e-01   1.4303082e+00  -4.4296363e-01   8.7118626e-01  -5.9520018e-01  -1.2251847e-01   5.3900892e-01
   7.1565114e-02   6.9942820e-01   3.3159513e-02   3.1039062e-01  -1.8248062e-01   1.3313076e+00   1.3999707e+00  -3.5660553e-01   6.1948055e-01   3.2893479e-01  -6.7562777e-01  -7.5302327e-01
  -1.5101602e+00   5.4530519e-01  -4.4746441e-01   1.0870985e+00   5.0288624e-01   1.2691298e-02   2.6047149e-01  -1.0982320e+00  -3.4863412e-01  -4.8695984e-01  -3.3515647e-01  -2.0501477e-01
   6.1318618e-01   5.1596338e-01   7.6584958e-02   5.6985527e-01   1.0163480e+00   9.6047896e-01   4.5580193e-01   2.2136761e-01  -2.6756427e-01   1.0861261e+00   6.2107545e-01  -1.0853326e+00
   1.8280017e+00  -1.2732458e+00  -6.3392860e-01  -4.6762764e-03   8.9889027e-02  -2.2533444e-01   3.0386871e-01  -1.6986126e-02  -2.7603972e-01   3.3552033e-01   3.1905150e-01   4.3968305e-01
   8.1756341e-01  -5.1131642e-01   2.0054288e-01   5.6208555e-02   1.2621156e+00  -4.6929538e-01  -9.3267941e-01  -4.8473296e-01  -7.3009983e-02   2.2816800e-01  -9.7668129e-01   1.0475880e+00
  -1.0417491e+00   3.0497294e-02   8.9457709e-01   7.3925865e-01   2.3095927e-01   1.6374163e-01  -9.0691370e-01   4.0522838e-01  -9.8159808e-01   4.3652976e-01  -4.3094394e-01   1.0772165e+00
  -7.1302825e-01  -1.3169782e-01  -1.0498454e-01  -4.5290941e-01   4.3756315e-01   1.6332303e+00   2.2435105e-01  -1.3175603e+00  -4.8623425e-01   2.7460310e-01  -4.0739578e-01  -3.6755210e-01
   1.2703257e+00   8.2878518e-01   5.9136099e-01   4.5676979e-01   1.4753265e+00  -6.4414829e-02   4.3729097e-01   5.8391047e-01  -4.6240136e-02  -4.2956665e-01  -4.1887102e-01  -2.5692570e-01
   1.0933008e+00  -6.0798913e-01   3.0081967e-01   2.4892043e-01  -2.4673060e-01  -3.4790516e-01  -5.6934392e-01   9.4247282e-01  -1.1618621e+00  -4.2865559e-02   2.6303855e-01  -1.2113283e+00
  -5.8664009e-02   4.8783523e-01  -1.5836021e-01  -2.7042076e-01   4.1979808e-01  -4.4055462e-02  -4.4101572e-01  -6.2045509e-01   1.7336565e+00   1.0202583e+00  -8.2507688e-01   4.1892242e-01
   8.0746073e-01  -1.5902320e-01   8.7619388e-01   1.1130587e+00   4.8990405e-01   4.8231551e-01   9.3157059e-01   6.1105418e-01  -7.2950470e-01   5.5168319e-01  -7.5515711e-01  -4.4211340e-01
   5.4440367e-01   8.7884709e-02   9.7272903e-02  -5.1074564e-01   1.2828540e+00   3.8942221e-01   5.0281656e-01   7.2518903e-01   8.2732803e-01  -1.2977785e+00  -5.5262738e-01   4.1879839e-01
   1.8880706e-01  -8.3824769e-02  -8.9052242e-01   5.9924847e-01   2.1417408e-01  -1.7106491e-01   6.0237944e-01   1.0521288e+00  -7.2298235e-01   9.5379835e-01  -9.0964651e-01  -1.0001676e+00
   5.4144686e-01   1.2902813e-01  -5.7387024e-01   8.9389598e-01  -1.4569405e+00   8.0581510e-01   4.3370143e-01  -5.7154357e-01   4.1385353e-01  -5.7982481e-01   5.2487975e-01  -7.0147473e-01
  -1.0261890e+00   1.7825316e-01  -1.4803138e+00   1.9137909e-01   3.9059263e-01   2.2733566e-01  -1.2354661e+00   5.4693323e-01   4.4403132e-02   3.7275228e-01   7.9827510e-02  -7.1425617e-01
  -5.5544466e-01  -7.6668149e-01  -3.5796469e-01   6.2026066e-01   1.6917442e-01  -8.9585418e-01   1.2563950e+00   9.3368101e-01   1.0402923e+00   3.9933565e-01  -2.1050332e-01  -1.5286139e-01
   5.2618808e-01  -1.2738355e-01   1.4708412e-01   5.6177342e-01   3.0433261e-01   7.4854320e-01   4.4631511e-01  -4.6827817e-01   1.0172371e+00   1.6969829e+00  -3.5724440e-01  -5.0607729e-01
  -4.9677339e-01  -1.2755741e+00  -2.8409490e-01   1.0633363e+00  -2.7452353e-01   9.2096400e-01   5.9093696e-01  -6.6980082e-01   6.4227563e-01  -4.2312759e-01  -7.7320451e-01  -6.2891573e-02
   6.5007204e-01   2.2616142e-01   9.1791463e-01   7.3039874e-02   2.7929974e-01   7.4754602e-01   5.3999358e-01  -8.5751349e-01  -9.0370933e-03   9.5144224e-01  -1.4065368e+00   3.6184216e-01
  -3.6926901e-01  -1.0754662e+00   2.6116192e-01   6.5149856e-01   3.4517801e-01   3.1043294e-01  -3.2702586e-01   3.0123281e-01   7.4676096e-01   1.7347078e+00   3.5646945e-01   3.2744265e-01
   1.3754686e+00  -2.7296388e-01  -4.8746574e-01   2.2018363e-01   5.1826638e-01   7.2898024e-01   4.2918587e-01   7.4838465e-01  -1.2901387e-01  -8.7946969e-01  -5.1198316e-01  -1.0728203e+00
  -6.3320571e-01  -5.8022875e-01  -1.7859771e+00   9.7740166e-02   9.9535829e-01  -6.7873585e-01  -2.5239646e-01  -6.0083229e-02  -5.6631273e-01  -1.5032795e-01   4.4667074e-01   3.9488893e-02
  -7.6875210e-01   5.9354144e-01  -4.2170834e-02   1.0587405e+00   7.5949121e-01  -4.6887609e-01   1.0173380e-01   1.2222649e+00  -6.3891196e-01  -5.7406431e-01   3.0435914e-01   8.9592010e-01
   8.5170561e-01  -8.9773852e-01   4.7178414e-01  -1.8831849e-02   2.7237824e-01  -5.4953599e-01   5.4322638e-02  -1.3407966e+00  -1.0307527e+00   5.6584203e-01  -6.7660975e-01   4.7794744e-01
   2.7056623e-01   5.1020831e-01  -1.2959607e-01   7.8825659e-01   3.2278389e-01   6.2976110e-01  -8.8943136e-01   7.0798641e-01   4.9904618e-02   2.8296140e-01  -4.0690097e-01   1.7283204e+00
   6.6074622e-01   4.4193950e-01   3.6958867e-01   1.4691722e+00   6.9748884e-01   3.2939488e-01  -7.6387203e-01  -3.4328294e-01  -2.3181367e-01   4.8863053e-01  -1.1693276e+00   3.4188020e-01
   4.2646766e-01  -5.4817814e-01   8.5379249e-01  -1.0255420e+00  -2.2569576e-01   8.9938486e-01   2.8859859e-02   8.7447131e-01  -1.3444829e-01   1.1649044e+00  -4.1319650e-01  -7.5216663e-01
   4.2834803e-01   4.7954583e-01  -2.0052008e-01   1.1925747e-01   1.0208496e+00  -1.7040771e-02   6.4812349e-03  -6.5904891e-01  -1.4471941e+00   1.3549198e-01  -1.1558284e+00   7.7887309e-01
   3.8139918e-01   1.4707865e+00  -3.4581357e-01   1.0916924e+00   7.4347663e-01   2.3331541e-01  -6.4856488e-01   5.4875773e-01  -5.9841692e-01  -6.2569094e-01   1.7499843e-01  -5.2034640e-01
  -7.0515282e-02  -4.5345479e-01  -1.0600080e+00   4.5293894e-01   6.9405770e-01  -7.4209255e-01  -5.4005432e-01  -2.0175378e-01   8.7184530e-01  -3.0965734e-01   6.2591875e-01  -1.3594406e+00
   6.0522616e-01  -7.2099376e-01  -1.6644348e+00   2.4749489e-01   5.4919112e-01  -2.4175824e-01   1.1264617e+00  -1.5722537e-01  -3.7525442e-01   3.7679348e-02  -1.3496217e-01  -6.8419832e-01
  -5.1600093e-01   4.5954800e-01   1.0464969e+00   3.1110787e-01   6.0091758e-01  -2.8475764e-01   1.4164374e-02  -4.1418161e-02  -1.7242853e-01   1.9009557e+00   2.8188738e-01  -4.0458024e-01
   7.6523286e-01   7.2027153e-01  -6.9821507e-01   4.1183125e-02   6.6367590e-01   7.5323127e-02  -2.8755113e-02   3.1219208e-01   2.8370813e-01   5.2655661e-01  -1.8161832e+00   4.5356739e-01
   1.7310606e+00  -2.3877616e-03   1.1607749e+00   1.2346716e-01   2.2931145e-01  -4.3654475e-01   1.1246239e-01   4.8542103e-01   2.3905131e-01  -2.2769664e-01   1.0108125e+00  -1.3642052e-01
   6.4604156e-02   1.0625471e+00  -8.3844918e-01  -9.4318199e-01   7.9964441e-01   3.1564230e-01  -5.5758562e-02  -1.4767988e+00  -4.1765255e-01   2.4970512e-01   1.0253373e-04  -3.3814144e-01
  -2.5791094e-01  -4.7650111e-01   2.3513804e-01   1.0338148e+00  -1.7617275e-01  -1.0221695e+00  -8.8538873e-01  -8.1695485e-01  -9.1702215e-02   1.0274609e+00  -4.6700224e-01  -8.7920088e-01
   1.3978013e+00   2.8752205e-01   7.1280992e-01   7.2216195e-01   2.7223301e-01   1.3913871e+00  -5.5273706e-01  -4.2032927e-02  -3.7198424e-01  -1.6905648e-01  -2.2510177e-01  -6.3157636e-01
  -1.2002650e-02   8.3588409e-01   1.1943021e+00  -4.1241225e-02   8.1640977e-01  -2.1016707e-01  -2.6279029e-01   7.4816769e-01   1.1096578e+00  -1.0963691e+00   3.1065243e-01   6.0962655e-02
  -6.6846603e-01   2.1013120e-01  -4.2468232e-01   4.2053747e-01  -7.0822847e-01  -1.3268011e+00  -3.7952310e-01   5.1493973e-01   4.7506332e-02   2.8313941e-01  -1.3891982e-01   1.5423616e+00
  -1.2346877e-01   6.6827387e-01  -7.9571217e-01   9.3370205e-01   1.4071070e-01   1.0872537e+00   8.0211288e-01   1.2892377e+00  -5.9797905e-02  -2.5895337e-02   4.1471239e-02  -7.2097379e-01
  -2.0124044e-02   9.1745704e-01  -1.1471933e-01   8.6020678e-01  -4.6108088e-01   2.8250280e-01  -4.1806379e-01  -6.8836069e-01   1.2510452e-01   1.8279966e+00  -2.1045342e-01   2.4943344e-01
  -1.0319096e+00  -1.0015484e-01   7.8024405e-01   1.0717629e+00  -5.2595198e-02   6.2581038e-01   1.3515487e+00  -1.4358470e-01  -5.7763759e-02  -4.4660082e-01  -8.2842278e-01   1.9208577e-01
   2.7910393e-01  -2.8189978e-01   6.3851523e-01   4.6863651e-01   1.4278033e+00  -6.6943085e-01  -5.3941005e-01   5.8196557e-01  -9.6859746e-02  -9.1376477e-01   1.4251459e-02   1.1199799e+00
  -1.1555361e+00   7.2657001e-01   1.0411607e+00  -9.3388155e-02   1.0375420e+00   4.9919620e-01   6.6497391e-01   2.5412437e-01   3.7643534e-01   6.2739557e-01  -4.2591396e-01  -7.0349389e-01
   9.6193439e-01  -8.7661743e-01   7.2685951e-01   7.7629960e-01  -7.8567669e-02   7.5837868e-01  -6.3332707e-01   9.3824238e-01  -5.3172100e-01   1.4603470e-01  -4.4147477e-01   9.0199298e-01
  -6.7801327e-01  -2.3838013e-01   6.5061659e-01   9.2079347e-01   9.5545995e-01  -2.5677145e-01  -8.7964821e-01  -8.5639405e-01   8.0191779e-01  -7.7349573e-01  -6.5661943e-01   2.3187330e-01
   9.8847914e-01  -7.4658871e-01   4.1268475e-02   8.0629975e-01   1.2395889e+00  -1.7438765e-01   8.1673598e-01  -7.5579667e-01  -3.8515544e-01  -8.3280319e-01   3.4614822e-01  -2.1607791e-01
  -1.2627847e-01  -3.4975666e-01  -1.0136638e+00  -4.7813214e-02  -4.2399144e-01  -8.4795946e-01  -6.5842378e-01   3.2013369e-01  -1.1885118e-01   1.5568597e+00   4.4856101e-01  -8.7061322e-01
  -1.1458610e+00  -8.9533859e-01   4.3160340e-01   4.2942417e-01   2.4392559e-01  -5.8571756e-02   1.1430419e-01   1.0215861e+00   1.1409613e+00  -6.6559297e-01  -4.9555022e-02  -8.0485332e-01
  -4.4070695e-02  -8.5012782e-01  -1.4351127e+00   4.6937871e-01   6.7878193e-01   5.8208287e-01  -9.4666287e-02   6.2271744e-01   2.8666306e-01  -1.1182714e+00   8.3149962e-02  -6.7790258e-01
  -4.4441471e-01   2.7393144e-01   2.1128477e-01  -1.2671607e+00   8.1431395e-01  -1.4715041e+00   1.2834559e-01  -2.4531516e-01   1.1726157e-01  -4.4804502e-01  -2.7460858e-01  -9.3921864e-01
   8.5536891e-01   1.5865220e-01  -3.4232774e-01  -5.0014234e-01   1.1869555e+00  -9.4811696e-01   8.6063780e-03  -2.8700542e-01   7.8884268e-01   3.0358168e-01  -9.9051845e-01  -8.8884568e-01
   7.1457505e-01   5.6440449e-01  -1.4710356e+00   5.6869107e-01   8.5662127e-01   4.3691369e-03  -8.5689574e-01   6.2161732e-01   4.9308509e-01  -1.0374852e-01  -3.9246392e-01  -6.4888597e-01
   1.2405814e+00   1.9833496e-01  -5.9065479e-01   1.5739380e-01   5.2725893e-01   4.9964660e-01   7.2573525e-01   7.4803019e-01   1.1430783e+00   5.9503496e-01   2.2978133e-01  -8.4887683e-01
   1.5231726e+00  -5.4750317e-01   7.4124473e-01   3.8766533e-01   6.4046031e-01  -3.7106478e-01   1.0004758e+00  -2.8497475e-01   5.1190042e-01   1.6773814e-01  -7.5585222e-01  -4.3465611e-01
  -7.4604231e-01  -2.9513031e-01   3.5346159e-01   9.2891484e-01  -3.3071640e-01   1.0040128e+00   4.2992008e-01   2.3396292e-01  -2.1866059e-01   1.2188131e+00  -1.0048889e+00  -6.8439466e-01
  -1.8547109e-01  -2.1526670e-02  -6.8981636e-01  -5.3393126e-01   2.5211731e-01   1.9865509e+00  -6.4192957e-01   2.8827000e-01  -2.7215779e-01  -1.6181831e-01   4.3901077e-01   6.3726127e-01
   7.1929806e-01   7.2985816e-01  -5.2177340e-01   1.6328280e-01   8.3439559e-01   1.3954433e+00  -2.4539952e-01  -2.8812090e-01   7.3185915e-01  -5.1011187e-01  -7.9657584e-01  -6.5873384e-01
  -4.3571982e-01   1.2194700e+00   1.0270976e-01   3.2132244e-01   1.2490273e+00   7.8210330e-01   4.4023180e-01  -9.3779910e-01  -1.0234237e-01  -2.4735555e-01   3.4535192e-02  -9.4412196e-01
  -2.9468435e-01   1.0850271e-01   6.9987124e-01   2.2685485e-01   1.2064353e+00  -7.8199822e-01   5.0197405e-01   3.0686250e-01   1.4096853e+00   9.5067614e-01  -6.4993344e-02  -2.2745000e-01
  -3.4839419e-01   8.3627003e-01  -5.7472014e-01  -1.8350028e-02   9.9614918e-01  -1.5697123e-01  -8.7163866e-01  -3.4926793e-01  -6.8206000e-01   2.4005599e-01   7.1285576e-01  -1.3852590e+00
   9.9998969e-01   5.1539081e-01  -8.1621724e-01  -8.4290549e-02  -4.9006316e-01   9.7107857e-02   1.9228306e-01   2.1770822e-01  -1.4879853e-01   5.2583593e-01  -6.7052238e-02  -1.8503989e+00
   2.5281101e-01   1.4449688e+00  -5.6064177e-01  -3.3239055e-02   2.0336893e-01  -8.2239878e-01  -5.5567580e-01   2.4511534e-01   3.2197899e-01  -4.8231661e-01   1.2268414e+00  -7.7764535e-01
   2.0413516e-01   1.5095527e-01   5.5715823e-01   3.9751473e-01   9.2660004e-01  -8.3892941e-02   3.1365418e-01  -7.5580209e-01   1.0510566e+00  -1.1383463e-01   7.8837830e-01  -1.4807560e+00
   2.5540158e-01   4.8601976e-01   1.1989485e+00  -2.9935968e-01   3.2114160e-01   1.5227098e+00  -9.2259997e-01   1.1798917e-01   5.0858372e-01  -4.1680574e-01   6.1411953e-01   2.7394211e-01
  -8.5866623e-02   1.3647639e+00  -8.9584984e-02  -5.8554846e-01  -3.7013003e-01   1.2196884e+00  -4.3365431e-01   6.2651116e-01   1.1706265e+00   2.7544531e-01  -1.8287092e-01   3.0703086e-01
   7.9257107e-01  -4.6941432e-01   1.5950835e-01   7.1578693e-01  -6.9216293e-01  -8.8675433e-01  -7.0990421e-02  -9.6476305e-01   1.4852123e+00  -2.8159410e-02  -4.4780189e-01   7.2688356e-02
   1.6395894e+00  -1.6357845e-01  -2.5390873e-02  -1.0221661e+00   6.2747175e-01  -5.5465110e-02  -8.4009105e-01   2.0940331e-01  -2.7813303e-01   6.3529694e-01  -7.3495388e-01  -2.6833439e-01
  -4.5439608e-02  -1.4422449e+00   5.1042211e-01   5.9931797e-01   1.1234797e-01   3.1621447e-01   5.7929021e-01  -9.2022306e-01  -4.0248433e-01   1.3423738e+00   6.0589045e-02  -1.8846530e-01
  -6.0897934e-01   1.2337632e+00   5.3498428e-02  -2.6593944e-01   1.6408781e+00  -3.2915410e-01  -7.1337843e-01   7.3940283e-01  -1.6166423e-01  -2.0396982e-01   2.7610901e-01  -1.8156034e-01
   8.5601878e-01   6.8851990e-01  -6.8879259e-01   1.3771079e+00   3.1439602e-01   4.9149716e-01   2.1866273e-02  -1.1038210e+00   2.8253427e-01  -4.9744985e-01   3.4305137e-01  -6.4655316e-01
  -5.9804934e-01   4.3152592e-01   4.1846523e-01   2.6760407e-02   9.4504166e-01   7.7491775e-02   1.3286797e+00   8.4380037e-01   1.7236568e-01  -2.0038374e-01  -1.2370778e+00   5.5097163e-01
  -1.2753668e-01   1.6900013e-01   2.4485898e-01   9.7565216e-01   1.8590043e+00   7.0136750e-01   6.7782015e-01  -1.9369613e-01   3.4081149e-01  -8.6078085e-02  -3.0984974e-01   5.2818567e-01
   1.2238753e-01  -1.9277817e-01  -2.1731494e-02  -8.8909990e-01   6.5962571e-01   1.3813839e+00  -5.4149663e-01  -8.3416283e-01   1.3277429e+00   1.5314831e-01   1.8640238e-01  -5.8398426e-02
   1.0479282e+00   3.4908962e-01   1.2107246e+00  -7.4456006e-01   1.2948893e-01   6.5295440e-01   4.0518340e-01  -9.5884567e-01   6.0952902e-01   1.7405558e-01   9.1162831e-01   1.4007975e-02
   4.9726838e-01   7.9321879e-01  -2.2749048e-01   2.9188535e-01   6.5103644e-01   5.6559104e-01  -8.2595593e-01  -1.5530403e+00   1.1064211e-01  -4.4776577e-01  -6.6930437e-01   6.9856721e-01
  -5.0853574e-01   4.5141155e-01   4.4146654e-01  -8.7943412e-02   1.1526928e+00   9.6718657e-01  -7.4522531e-01   7.4913524e-02   1.0341445e+00  -2.3254159e-01  -9.8737049e-01   6.4143413e-01
   4.9412560e-01  -7.2769266e-01   5.2751166e-01  -1.3175471e+00   1.1378070e+00  -1.7995805e-01   1.5293226e-01  -6.4191216e-01   4.1973191e-01   1.0061435e+00  -4.3518740e-01  -2.6793256e-01
  -3.3722395e-01  -5.6837136e-01   9.0468121e-01  -2.7215636e-01   1.5688276e+00  -4.6165490e-01   9.8741275e-01  -4.0680656e-01   4.9797741e-01  -3.4607199e-01   4.8026094e-01   5.0744301e-01
   3.3453670e-01   1.3108662e-01   5.5213880e-02   1.4735787e+00   4.9101385e-01  -8.5583717e-01  -1.4609405e+00   4.8575014e-01  -4.0369934e-01   8.4762253e-02  -2.5918815e-01   3.3945736e-01
   5.8877510e-01  -1.1536854e-01  -4.1019464e-01   1.6189420e+00   1.0032992e+00   2.6658079e-01  -4.4726327e-01   4.4339845e-01   4.7049776e-01  -1.0166367e+00  -3.4836331e-01  -1.4286869e-02
  -1.0443826e-01  -1.2812810e+00  -4.3052116e-01   6.8736082e-01  -9.2614681e-01  -3.3846125e-01  -3.3602247e-01  -1.2939008e+00   2.1305074e-01  -4.8055772e-02   3.1011271e-01  -8.8675463e-01
   3.0853510e-01  -4.0438819e-01   6.5490007e-01  -9.2043304e-01   8.2439202e-01   1.2537794e-03   6.0344398e-01   7.1320552e-01   9.7765148e-01  -1.5374856e-01   3.8151172e-01  -1.3370724e+00
   1.7753755e-01  -3.7942073e-01   5.2383471e-02  -5.2398372e-01  -5.1138288e-01   4.4552103e-01  -7.5148404e-01  -1.1623212e+00   1.0806639e-01   1.2454635e+00  -1.1156529e+00   6.0328865e-01
  -1.9602121e-01  -8.8749325e-01   7.0980644e-01   1.5269892e+00   1.7682537e-01  -1.3630477e-01  -3.2778171e-01  -6.9275361e-01  -8.5683867e-02   5.0828958e-01  -2.2041006e-01   1.1776817e+00
  -7.0343894e-01  -1.1813576e+00   8.5064453e-01  -3.2813179e-01   2.5031164e-01   2.4078834e-01  -2.0148298e-01   3.8714573e-01   1.4588233e+00   3.8783002e-01  -7.1062368e-01   4.2851606e-01
  -3.7332523e-01  -8.4213907e-01   8.7432221e-02  -2.7259314e-01   1.0670198e+00   4.4343583e-02  -1.5243708e+00  -1.1878957e+00  -6.4098341e-03   1.2192970e-01   2.7544343e-01   3.2156074e-01
  -1.0041693e+00   3.8626486e-01  -3.1434390e-01   4.6895128e-01  -6.8665333e-02   1.4890750e-01   8.2740027e-01  -1.1960928e+00  -1.0716290e-01   1.2522408e+00  -3.9743209e-01  -8.0253047e-01
  -4.5412821e-01  -4.2077610e-01  -2.8406582e-03  -7.0408195e-01   1.5910127e+00  -2.8661636e-01  -1.3614352e-01  -2.2044627e-01   5.1672417e-01  -6.1975414e-01  -1.3343630e+00   9.3542054e-02
  -3.9034623e-01  -1.4575901e+00   4.9773583e-01  -2.3568754e-01   1.2993298e+00  -5.1311996e-02  -1.8363380e-01   2.5380477e-01  -9.7499883e-01  -7.7282727e-01  -2.8146347e-01   6.0308907e-02
   9.6446127e-01  -7.3285335e-01  -1.0032754e+00   1.9751222e-01   7.8887545e-02   1.6227895e+00  -5.2825585e-03   2.9559541e-01  -2.8776872e-01   5.7247138e-01  -4.4890735e-01   3.8476229e-01
  -5.1490641e-01   4.2968252e-01   1.1564326e+00   2.6672143e-01   5.7513982e-01   4.7824982e-01  -8.3248305e-01  -1.2304846e+00  -3.5443640e-01   8.9194763e-01  -5.7419330e-01   3.5248336e-01
   1.0693288e+00  -9.1784954e-01   2.3493901e-01  -2.0329842e-01   5.3632575e-01   1.4206804e+00  -1.1369286e-01   3.3225277e-01   6.9847375e-02  -1.0221064e+00  -3.5731059e-02   6.6136771e-01
  -2.5646573e-01   2.0768938e+00   5.3495294e-01   2.7754936e-01  -2.3742546e-01  -6.2795281e-01  -6.5180802e-01  -4.0812483e-01   3.4715328e-01   2.8028277e-01   6.3927948e-02  -1.1069775e-01
   1.5152311e+00   4.9408007e-02   1.7348450e-01   8.6251503e-01   7.6391035e-01  -1.0680974e-01   6.4964658e-01   4.7928836e-02  -9.0105724e-01   9.0125680e-02  -3.2112405e-02   1.0427085e+00
   2.0254789e-01   1.3478535e+00   1.5005502e-01  -1.5322063e-03  -4.5655384e-03   2.6251378e-02   1.0211096e+00   8.5143827e-02   3.8395134e-01   1.4093590e+00   4.4945519e-02  -9.6612209e-01
  -7.6424617e-01   5.9313363e-01  -1.6875769e+00  -7.2490233e-01   1.1103762e-01   8.4678042e-01  -7.4108213e-02   2.5253832e-01   6.3647038e-01  -6.5929055e-01  -2.2186320e-01   5.5731073e-02
  -9.9741656e-01   1.5236934e-01  -1.0701338e+00  -8.9471346e-01   6.4658713e-01  -2.0288913e-01   1.3396640e+00   7.6386291e-03  -1.1682392e-01  -1.1072027e-01  -8.5697812e-01   1.4809091e-01
   1.3044226e+00  -4.8970512e-01   8.3481006e-02   2.7971428e-02   9.9804312e-01   8.3978295e-01  -2.4547528e-01   3.6239527e-02   9.6203613e-01   4.7385570e-01  -1.0519758e+00   1.7696300e-01
  -1.1237990e-01  -5.3661627e-01  -2.6140466e-01   4.6315032e-01   4.9609858e-01   1.0124519e+00  -2.4262154e-01   9.8216832e-01  -1.0016578e+00  -6.9787733e-02   4.4715124e-01  -1.3833827e+00
  -3.4947902e-02  -1.1348118e-02   4.3647256e-01   2.3333734e-01   9.8266768e-01  -1.5549142e+00  -8.4452057e-01  -6.9934267e-01  -8.7384003e-01   5.7392049e-01   2.5880247e-01  -8.9698665e-02
  -5.8845747e-01  -5.8350742e-01  -5.7256520e-01   3.7553227e-01   9.7924727e-01   1.1100723e+00  -4.0016600e-01  -3.9335608e-01  -1.4341002e-03  -1.2186460e+00  -7.1002513e-01   5.9084439e-01
  -1.2442747e-02  -1.4936309e+00  -4.8532268e-01  -4.7695994e-01   1.1330061e+00  -1.0306330e+00  -3.5900819e-01   2.5131929e-01   9.0256400e-02   4.5213574e-01  -7.1959883e-01  -1.9373341e-01
  -1.0521860e+00  -1.0989618e+00   7.5851077e-01   6.4276904e-02  -4.9604429e-03   1.6725273e-01  -7.3561484e-01  -4.3743971e-01  -9.3609315e-01   8.2930642e-01   7.1959740e-01  -5.1322109e-01
   1.2272860e+00   1.0461361e+00   5.4023647e-01   4.4607517e-01   5.0362945e-01   5.5225432e-01   1.1216103e+00  -8.7697816e-01   1.0416443e-02  -5.6442827e-01  -6.3725524e-02  -7.2569265e-03
   8.3868539e-01   1.3794506e-01  -1.1617619e-01  -4.0141135e-03   1.2821029e+00   5.5312073e-01  -1.9660428e-01   1.0265049e+00  -9.3934858e-01  -1.0889137e+00   3.2060632e-01   2.2599153e-01
  -1.7029957e+00  -9.3718004e-01  -8.9384389e-01   5.4814172e-01  -1.5713090e-01   3.4995297e-01  -1.4473674e-01   4.4190225e-01  -2.8501359e-01  -7.3565716e-01   3.6829981e-01   2.5114976e-02
  -5.7221107e-02  -3.1305748e-01  -3.7466118e-01   4.9529001e-01   1.1186239e+00   3.7770593e-01   3.2840990e-02  -3.4520036e-01   1.7413650e+00   8.2030915e-02  -5.9742963e-01  -7.7640909e-01
  -4.7069958e-01   7.3693626e-02  -4.9578771e-01   9.8295140e-01   1.0730636e+00   7.3072654e-01  -3.6579192e-01   8.6364758e-01   6.8848181e-01   4.1822052e-01   9.3884355e-01  -6.8231314e-01
   6.0052425e-01  -1.4384089e-01  -8.5831958e-01   1.2257173e+00   1.8668367e-01   9.3557751e-01   3.9782465e-01  -4.0673533e-01  -3.3496445e-01   2.0756806e-01  -1.1010202e+00  -8.8215661e-01
   7.0574498e-01  -9.1343045e-01   3.0640301e-01   6.6447884e-01  -5.0046587e-01   1.1736042e+00  -5.3872126e-01  -9.4762939e-01   9.9725503e-01  -1.0617232e-01  -5.0948355e-02  -5.5473644e-01
   1.5096840e-01  -7.0829052e-01   8.2100660e-01  -1.2074765e+00   2.1315433e-01   2.7683753e-01  -1.0155071e+00   2.0166205e-01  -1.0684220e+00   2.7351084e-01  -9.2025840e-01   2.9372773e-01
  -5.9999883e-02   9.6603739e-01  -3.4007337e-02   1.6150123e-03   1.0626640e+00  -1.2213373e+00   1.4812710e+00  -6.8932693e-03   8.2596920e-02   2.9009277e-01  -3.6209300e-01  -1.5746072e-01
  -5.7999212e-01   4.1425851e-01  -5.5598342e-01  -1.0671295e+00   4.5562226e-01  -9.2300630e-01  -2.5094129e-02   7.7723289e-01   1.2062528e-01  -5.8914173e-01  -1.0749735e+00   9.2879373e-01
   1.4103717e+00   1.1057012e+00   2.9126592e-02  -1.4867884e-01   5.8028805e-01   7.5295782e-01  -9.6079212e-01   7.5426096e-01   4.1276264e-01   4.4061396e-02  -3.6578512e-01   2.5199074e-01
  -2.6145056e-01   4.6853784e-01  -1.2677321e+00  -1.4955543e-01  -9.6291862e-02   8.8680685e-01  -1.0491248e+00  -1.3792254e-01   4.6773684e-01   8.0545712e-01  -6.9757318e-01   9.0170586e-01
  -2.5430626e-01  -4.0550321e-01   1.4342242e+00  -7.3319636e-02   2.3376267e-01   2.7349757e-02   3.1124756e-01   1.3978691e-01  -1.3617591e+00   1.1011746e+00  -5.5872440e-01   3.9694551e-01
  -3.2856662e-03  -4.7687793e-01  -4.6156412e-01   8.2434535e-01   6.1966765e-01   4.6427006e-01  -9.0569144e-01   7.4271560e-02  -7.2535747e-01   1.4439367e+00  -2.7942351e-01   8.7492168e-01
  -2.7367374e-01  -5.2790862e-02  -9.2185754e-01  -4.6187508e-01   9.2172831e-01   1.0608519e+00   2.1513854e-01  -6.7736757e-01   5.3312862e-01   2.2035709e-01  -1.3325312e+00   5.2023292e-01
   7.1619704e-02  -8.1576204e-01  -2.9877782e-01  -3.8899565e-01   1.1493670e+00  -1.1025140e+00   1.2947785e+00   2.1710126e-01   3.3372465e-01  -6.4463574e-01  -3.7190345e-01  -4.0424263e-01
   6.7809886e-01   1.1620874e+00   1.3772513e-01   6.3278037e-01  -1.0572360e+00  -7.1884662e-01   4.2440057e-01  -4.7338781e-01  -3.9446531e-03   4.0155524e-01   9.3809582e-02   1.2496371e+00
   7.4178481e-01   1.1683024e+00   9.9385589e-01   9.9855393e-01  -3.2888356e-01   6.3922274e-01  -3.7155125e-01  -8.0624288e-01   6.2477702e-01   2.1618131e-01  -3.7691593e-01   4.6472672e-01
  -8.5885650e-01  -3.8066456e-01  -3.1022808e-01   5.6636494e-01   1.7225504e-01  -2.9655176e-01  -1.0146595e+00  -7.3853022e-01   5.1120353e-01   3.4276566e-01  -1.6179025e+00  -1.0699215e-01
  -2.7280018e-01  -1.2945427e+00  -9.9039322e-01   2.0748039e-01   1.0189703e+00   3.6052364e-01   1.5331489e-01  -5.9210646e-01  -6.5109104e-01   7.3798907e-01  -8.2946247e-01   1.6396323e-01
  -2.1237879e-01   8.7547064e-01   1.6485302e-01   3.4856728e-01   8.3604312e-01   1.3786150e+00  -6.6112399e-02   6.1526245e-01  -7.4499774e-01  -1.4037813e-01  -9.9004793e-01  -7.0878911e-01
  -6.1484951e-01   5.4134274e-01  -9.0417552e-01   1.0438869e+00   1.4965725e+00  -2.7324918e-01  -4.0490508e-01   4.9239308e-01   4.1247555e-03   2.8521737e-01  -6.3010252e-01   4.7168481e-01
  -8.5864343e-02  -1.7533526e-01   1.2080342e+00   5.5418074e-01   3.6484781e-01   6.2248278e-01  -1.9149372e-01  -3.6590925e-01   1.3262914e-01  -1.4202172e+00  -4.6046481e-01  -1.1214402e+00
  -7.6341891e-01  -4.0400389e-01   8.6863643e-01   9.0479171e-01   8.4125584e-01   1.2438579e+00   3.7590408e-01  -6.0993624e-01  -8.8431425e-02   4.8073530e-01   3.4959358e-01  -7.4258548e-01
   1.8434954e-01  -1.5906013e+00   5.2663869e-01  -2.5693884e-01   1.0009180e+00   3.8438150e-01   4.5838282e-01  -3.6993662e-01   5.3691196e-01  -5.6981003e-01  -7.1272081e-01  -6.8931401e-01
   1.3354725e-01   7.6906180e-01   2.0648831e-01   7.3350215e-01   4.4890925e-01   1.0262537e+00   3.6523512e-01   1.3640568e+00   9.0058148e-01  -5.8303362e-01  -4.3612683e-01   4.6914884e-01
  -1.2969508e+00   2.7060904e-02   7.1315789e-01   7.1597147e-01   2.7468342e-01   8.6062741e-01  -3.6571696e-01  -8.9410895e-01  -9.2611060e-02  -1.0035737e+00   4.9258953e-01   5.3692234e-01
  -3.5828626e-01  -1.0175711e+00  -2.0444115e-01   4.0623072e-01   8.7769997e-01   1.6417366e+00  -4.0071435e-02  -6.8155780e-02   6.4506322e-01   3.7274483e-01  -1.7374920e-02   7.7595520e-01
   2.7437383e-01   2.7595673e-02  -8.6692083e-01  -1.1904197e+00   6.1323190e-01   8.8824970e-01   3.0088687e-02  -4.0477179e-02  -7.6939642e-01   1.0184830e+00  -9.7618389e-01  -7.4222408e-02
   1.6422841e-01  -6.2181979e-01   1.4761246e+00   2.7122125e-01   1.0130532e+00   8.7007910e-01  -1.9539873e-01  -5.3221828e-01   7.0615840e-01   9.7459078e-02  -2.0247163e-01   8.2459712e-01
   1.3056974e+00  -5.4610085e-01   3.5012347e-01   1.3721532e+00  -4.8408315e-01   6.6755170e-01   5.2040672e-01  -5.0029624e-01  -6.3773173e-01  -5.4238933e-01   2.6399687e-01   1.4097703e-01
   3.2015604e-01   4.9619216e-01   5.5846727e-01   9.0288436e-01   5.7765216e-01  -1.1831545e+00  -1.9288914e-01   1.1303145e+00   6.8950266e-02  -9.4468586e-02   3.5803539e-01  -1.1549835e+00
   4.7671440e-01   5.2539647e-01  -1.1524308e+00   5.9100878e-01   5.4840225e-01  -1.3240291e+00  -3.5009146e-01  -4.9384937e-01   3.3309498e-01   5.7216352e-01  -3.3704072e-01   9.2040473e-01
  -1.5268574e+00   4.0675417e-02  -1.5682106e-01  -2.7786854e-01   7.8801602e-01   4.3343565e-01  -2.3605819e-01  -1.2038740e+00   9.3980086e-01   1.8986152e-01  -4.2938885e-01  -3.8435397e-01
  -4.7803506e-01  -6.3192403e-01   8.8576853e-01  -7.9591888e-01   4.2579272e-01  -7.2777647e-01  -2.4285150e-01  -1.1230972e-01  -1.6832530e+00  -2.1412283e-02   5.0630379e-01   2.8528929e-01
   4.3149047e-02   2.9594845e-01  -1.4729714e+00  -4.7001082e-01  -5.8476603e-01  -2.5419199e-01  -9.5646214e-01   8.8204074e-01   1.1018379e+00   4.1417232e-01   1.2887935e-01  -1.3572828e-01
  -1.0832019e+00   3.3482409e-01   8.5719359e-01   7.1434122e-01   9.3329173e-01   3.6037642e-01   7.5931197e-01   7.7381337e-01  -8.4642768e-01   4.3408602e-01   6.2208176e-01   3.7408173e-02
  -9.2143279e-01  -4.9608403e-01   8.4498042e-01   1.0205399e+00   9.1061793e-02   1.0181324e+00  -1.3583423e+00  -7.2463542e-02   3.0625144e-01   2.1941833e-01  -2.7024832e-01  -1.9791237e-01
   1.1125119e-01  -6.2684730e-02   1.6218565e+00   1.6827209e-01   6.0328019e-01   1.2561746e-01  -4.4066793e-01   1.0219889e+00  -1.0212622e+00   2.7322313e-01   4.1596171e-01  -6.4492840e-01
  -2.3321056e-01  -5.7481635e-01  -8.1225699e-01   1.1846540e-03   9.7554797e-01   2.9855937e-01   1.0030829e+00   1.4142029e-01  -1.0484074e+00  -1.0846423e+00  -4.4623788e-02   7.8155667e-01
  -1.0811718e+00   4.0021181e-01   5.0659651e-01  -7.9578418e-01   7.1329886e-01  -5.1778334e-01  -1.3160256e+00  -1.7978914e-01   3.1699419e-01  -9.2928314e-01  -3.4667470e-02   5.2401263e-01
   6.9646746e-01   1.1149443e+00  -9.8009801e-01   7.8854698e-01   3.1365678e-01  -2.1784663e-02  -6.8109465e-01   3.8024595e-01  -7.8536606e-01   1.0238119e+00  -5.1334721e-01   2.3148507e-01
   7.2571337e-02  -7.9593104e-01  -4.1095716e-01   3.1115717e-01   1.0060930e+00   1.0076338e+00  -6.1067903e-01  -1.2609795e-01  -8.0975905e-02   1.3817396e+00  -7.3789366e-02  -8.7059611e-01
   7.9308164e-01  -2.9357719e-01   8.3860606e-02   4.8692212e-02   4.8452654e-01   1.8700356e-02  -1.6540258e+00   1.8346235e-01   2.7258962e-01   4.4329634e-01   5.5469793e-01  -1.3009030e+00
  -1.3486301e+00  -1.9794451e-01  -5.1151294e-01   4.8915413e-01   1.1102540e+00   1.1216054e+00  -4.3230101e-01  -3.1271290e-02  -6.5583396e-01   2.8275049e-01   6.0235041e-01   2.9946825e-01
  -5.4303253e-01  -1.0235350e-01  -7.4298984e-01  -1.2958661e-01   6.3753527e-01   1.0214119e+00  -7.1611971e-01   1.0394205e+00   2.6225206e-01   3.5850340e-01  -1.3594191e+00  -1.9374299e-01
   6.4801900e-03  -7.3940009e-01   5.2536184e-01   3.5802108e-01   1.7381006e+00  -5.3559318e-02  -8.9577252e-01   3.7521577e-01   6.8525517e-01   7.1058536e-01  -3.2704756e-01   2.3197809e-02
   1.0670542e+00  -5.4631793e-01   2.8985992e-01   2.9240772e-01   1.1442947e+00   5.5379480e-01  -5.5489898e-01   1.1526964e+00  -5.0763899e-01   4.8783723e-01  -4.8713937e-01  -6.3851613e-01
  -1.0339780e+00   1.0373679e-01   3.9232123e-01   1.7154151e-01   6.8890178e-01   9.0676725e-01   7.7803510e-01  -4.0033244e-02   1.3617108e+00  -9.6177584e-01  -1.7173629e-01  -1.5578637e-01
  -9.7166812e-01   1.1307251e+00   2.9560968e-01   1.1175437e-01  -3.6386454e-01   1.2789084e-01  -8.3874547e-01  -4.0801096e-01   2.4383423e-01   3.5319009e-01  -1.1259428e+00   1.0985365e+00
  -2.2815794e-02   6.1608362e-01  -7.0884752e-01   8.5959494e-01   2.6963025e-01  -8.5970402e-01   9.5039356e-01  -7.1116179e-01  -3.5882461e-01  -2.5133884e-01   3.5524410e-01  -1.3563324e+00
   1.5548592e+00  -2.0816199e-01   5.3165257e-01   1.0395334e+00   5.1681226e-01   1.2502678e-01  -6.7442107e-01  -3.1136772e-01   8.3121175e-01  -3.9439100e-01   9.4342418e-03   7.0337158e-01
  -1.3181683e+00  -6.4263070e-01  -6.7635566e-01  -8.1320423e-01   6.4906114e-01   1.2912720e-02  -3.1651372e-01  -2.9531401e-01   7.2994155e-01  -1.1253576e+00   3.1134564e-01  -4.7505862e-01
   5.3330964e-01  -5.8868790e-01  -3.9401364e-02   1.4279890e+00   5.8437026e-01  -1.3112774e+00   1.7049746e-01   2.7483845e-01   4.2300245e-01   1.2342421e-01  -7.9256439e-01   5.8348668e-01
   2.1596918e-01   1.1773643e+00   5.9748006e-01  -4.5393202e-01   8.4834874e-01   5.7719058e-01   1.8676069e-01   1.1478244e+00  -9.6215121e-02  -7.9252474e-02   2.4464108e-01  -1.2343100e+00
   1.1918035e+00  -1.2269168e+00  -2.7552676e-01   7.5116694e-01   7.4917370e-01  -2.7370352e-01  -2.7315903e-01  -4.3742010e-01   6.5426397e-01   2.4425127e-01  -1.1456719e-01  -1.0154505e+00
  -4.2939943e-01  -3.2661489e-01   6.2733912e-01   9.5132887e-02   1.6509755e+00  -1.4374095e-01  -2.3921676e-01   3.1123391e-01  -2.3335931e-01   5.1418757e-01   7.0856518e-01  -1.2589486e+00
  -3.5378605e-01   5.0951046e-01  -1.5089914e+00   4.1803205e-01   3.9904618e-01   1.1511415e+00  -2.8325230e-01  -9.0863204e-01  -3.7939468e-01  -3.8313439e-01  -4.2763650e-01  -5.4737121e-01
   8.2237637e-01   2.5025865e-01   2.5593179e-01  -1.7708483e-01   4.2649260e-01   2.8128016e-01   5.1310998e-01   3.5482061e-01   1.2155220e-01   8.1475204e-01  -1.5300153e+00  -1.2224852e+00
   1.9623584e-01  -1.7604090e-01  -8.5759059e-02   6.4380902e-01  -1.3365546e-01   1.6270353e+00   4.2496470e-01  -8.5459822e-01  -6.3129592e-01  -5.6852287e-01  -7.8220201e-01   7.7396584e-01
   1.7579986e-02   1.5546278e+00  -1.2168100e-01  -2.3296215e-01   6.2596244e-01   1.3231468e-01   4.3698147e-01   1.6337420e-01   1.0671854e+00   2.1133146e-01  -1.1785268e+00  -5.6061953e-01
   3.8355358e-02   4.2411843e-01   3.9258990e-01  -1.6126202e+00   5.9677970e-01  -3.3125252e-01  -1.1767403e+00  -7.0010346e-01  -3.8822997e-01   5.6793100e-01  -1.2269823e-01  -4.8468742e-01
   3.2168131e-02   2.4427531e-02  -1.1316887e-01   2.3889342e-01   1.6136600e-02   1.5816939e+00  -1.1778810e+00  -3.2961717e-01  -7.9822016e-01   7.1871889e-01  -8.5137779e-01  -2.2774635e-01
   8.8021398e-01  -1.5897782e-01   1.4106270e+00  -1.4442255e-01   8.0549926e-01   7.3141485e-02  -3.0900562e-01   1.1360704e+00   7.1729606e-01   4.9155354e-02  -5.1759076e-01   6.0338598e-01
   9.0636566e-02  -5.7858187e-01  -4.9422815e-01   1.3086715e+00   2.7101302e-01   4.4715083e-01   9.0974301e-01   7.6459311e-02   7.2255999e-01  -3.6683509e-01   3.7986040e-01  -1.3387759e+00
  -5.3512144e-01   1.0581769e-01   3.1507632e-01   4.7464138e-01  -3.6866085e-03   6.3468724e-01   6.8612695e-01   1.0725937e+00   1.5913477e+00   6.7100507e-01  -8.2663007e-02  -6.0361671e-01
   3.7383243e-01  -5.3336704e-01  -9.4895166e-01   2.7681515e-01   2.1427540e-01   1.1138363e+00  -5.9850866e-01   3.8956219e-01   1.3770840e+00  -7.2261143e-01  -3.0660176e-01   5.3813034e-01
   1.0259000e-01  -5.4610670e-01  -2.5440842e-01   1.0156633e+00   1.2175673e+00   3.9186618e-01   1.9914909e-01   8.4806168e-01  -1.0113027e+00   4.3541819e-02  -8.3475351e-01   6.9181418e-01
   3.0452892e-01  -3.7288332e-01   2.7420667e-01  -6.6353780e-01   1.2339445e+00   8.7257642e-01  -5.9941584e-01  -8.0657101e-01  -3.7974185e-01  -3.4023963e-02  -1.2408714e+00  -5.2322102e-01
   5.4950106e-01   2.5324404e-01  -2.8484579e-02  -5.6351651e-03  -4.3499181e-01   1.2430980e+00  -4.2333069e-01  -8.4380078e-01   6.8711263e-01  -1.5898027e+00   8.5861944e-02   1.9616766e-02
  -1.9606063e-01  -3.5961077e-01   3.5034180e-02   5.6227583e-01   6.8998802e-01   6.9586718e-01  -9.0673822e-01  -1.3476738e+00   1.3470906e-01   1.0209933e-01   1.8590607e-02  -1.3737645e+00
   5.1067952e-02  -7.8569525e-01  -8.4227568e-01  -6.0090405e-01   3.3274224e-01   6.1235283e-02  -1.1036779e+00   1.3687730e-01   9.6429306e-01   4.7309700e-01  -7.3438835e-01  -1.1248313e+00
  -2.4713697e-01  -3.9533469e-01  -3.0279645e-01   3.2952487e-01   1.1936008e+00  -2.0336378e-01   3.2827780e-01  -7.4461751e-02   6.9325072e-01   1.2198182e+00  -7.0912594e-01   1.2375774e+00
  -7.1165365e-01  -3.3721766e-01   1.7599045e+00   8.3904082e-01   6.1524022e-01  -6.8092072e-01  -4.8652333e-01   5.0600827e-01   3.2384783e-01  -3.4998432e-01   1.1813319e-01  -4.8320007e-02
   5.4145551e-01  -6.7456648e-02   3.0654532e-01  -1.5058520e+00  -7.7036493e-02  -2.1174859e-01   4.2446554e-01  -3.7103731e-02   1.3804435e+00   6.2542069e-01  -1.7143276e-02   9.0073621e-01
  -1.3944284e+00  -2.3800996e-01   4.8462325e-01   6.6011208e-01  -6.6390403e-02   7.3599690e-01  -4.7786066e-01   1.1815325e+00   3.3848387e-01  -4.2903510e-01   1.2493555e-01   9.1847312e-01
   4.9537256e-01  -6.8898100e-01   5.3850406e-01  -2.5041401e-01   1.3024230e-01   8.1199163e-01   1.5982546e+00   1.0396107e+00   5.8204466e-01  -1.7948031e-01  -4.8719123e-01   8.5857309e-02
   1.1038941e+00  -9.2483562e-01   4.2708653e-01   1.0573938e+00  -5.0210796e-02   8.3372992e-01   8.2497090e-02   9.4459659e-01   9.8621339e-01  -1.0542297e-01   6.4888731e-02  -2.0242332e-01
   5.7177579e-01  -1.0214540e-01   1.1694791e+00   1.2753910e+00   1.3371545e+00   2.3772050e-02  -4.3429959e-01  -1.1133707e-01  -6.7538244e-01  -4.0189466e-01  -7.3600672e-02  -2.3600313e-01
   5.7634854e-01   5.5232376e-01   3.6019874e-01   2.6049811e-01   1.1665276e-01  -4.7518080e-01  -4.3502036e-02   1.2231084e+00   6.0511905e-01  -5.0803822e-01  -1.6552176e+00  -2.5268489e-01
  -8.2692333e-02  -6.5870821e-01  -3.7759662e-01   7.6163065e-01   8.1972992e-01  -2.9191491e-01   1.6585552e+00  -3.3820838e-01  -3.1794494e-01   2.3963663e-01  -8.4488964e-01   5.8471370e-01
  -7.2493172e-01  -1.9000575e-01  -4.4051051e-01  -1.2301092e-01   1.0322690e+00  -2.3251031e-01   4.7901452e-01   3.0052513e-03   5.4303050e-01   1.1767997e+00  -1.3841082e+00  -5.3347063e-01
   5.7175752e-02  -1.3552819e+00   8.9371711e-01   3.8472688e-01   8.7257910e-01  -8.2580125e-01   7.2079903e-01   6.9112498e-01   2.4722677e-01   4.5020568e-01   2.8079054e-01  -6.5574366e-01
  -9.0878010e-01   1.5959923e-01   1.0740459e+00   8.9264065e-02   1.6868607e+00   2.5433636e-01  -7.1534514e-01  -2.7245280e-01  -2.2871548e-01  -6.1554220e-03   4.1450098e-01   5.1653630e-01
   7.4617726e-01   5.3962070e-01   4.4685367e-02   1.6440527e+00   3.2732654e-01  -5.6569852e-02   9.1033363e-01   3.0925626e-02   7.5311893e-01  -2.6276672e-01  -8.7291473e-01  -3.3000281e-01
  -4.1270548e-01  -1.8147453e+00  -9.5912836e-02  -1.0768981e+00   2.3490070e-01   2.1881807e-01  -3.1482860e-01   6.4958729e-02   4.6776921e-01   7.8415349e-02   9.5625526e-01   1.4726613e-01
  -9.3967652e-01   1.6207144e+00  -7.8062999e-01   3.5074511e-01  -5.6421716e-02   4.8962545e-01  -3.0065358e-01   8.9095527e-01  -3.8142127e-01   2.0976199e-01  -5.2910072e-01   4.0167880e-01
  -7.0490187e-01   1.3775115e+00   2.4399795e-01   1.6487445e+00  -2.4120170e-01   3.1565523e-01   2.6286574e-02   1.8942273e-01   7.0096517e-01   3.0054165e-02   1.1213940e-01  -3.5841614e-01
   7.6101035e-01  -1.3965540e-01  -6.5393573e-01   8.4073126e-01   1.4395909e-01  -2.7236944e-01   4.1040540e-01  -8.2352322e-01  -2.5981736e-01   1.4918381e+00  -9.5772207e-01   3.3918855e-01
   1.7648670e-01  -1.7718545e+00   2.2206123e-01  -2.1562409e-01   2.5060395e-02   8.7756145e-01  -9.7172070e-01   4.5774290e-01   2.5519341e-01   6.6881430e-01  -5.3124094e-01  -1.2005907e-01
   8.2931202e-03  -3.5206515e-01  -1.2271821e+00   8.1673473e-02   1.2733040e+00  -3.6984328e-02  -1.5174490e-01   1.1315495e-02  -5.6352609e-01  -4.3565270e-01  -1.1995358e+00  -8.7821817e-01
  -1.5984307e-01  -2.4728883e-02  -8.0785006e-01  -1.0005283e+00   9.1524088e-01  -6.5665102e-01  -7.6288080e-01   6.5539175e-01  -1.0603286e+00   5.9769452e-01  -5.2006251e-01  -5.3644878e-01
  -9.0000594e-01  -8.0661559e-01  -5.3061951e-02   1.5620646e+00   1.2660308e+00  -2.0712103e-01  -4.4256544e-01  -3.6819592e-01  -2.3705451e-01   7.1225353e-02   1.1887859e-01  -2.0960248e-01
   7.0933902e-01  -2.8770131e-01  -4.6356127e-01   1.1783662e+00  -5.2293497e-01   5.1432824e-01  -1.0647230e+00   2.3662868e-01  -1.9160306e-01   1.2841392e+00   3.7751806e-01  -5.0473946e-01
   1.0865515e-01  -1.7033452e+00  -8.0670208e-02   5.3388608e-01   9.8454821e-01  -7.3081695e-02  -7.2015122e-02   2.1416731e-01   5.7595330e-01  -4.6134156e-01  -6.0981160e-01   9.2363900e-01
   4.5729724e-01  -2.0894389e-01   7.2737926e-01  -2.6513395e-01   1.4490724e+00   4.7227167e-02  -9.4815832e-01   5.0274163e-01   3.9049944e-01  -7.1591908e-01  -4.9945629e-01  -9.8972887e-01
   1.3886343e-01   8.1687379e-01   9.3260276e-01   1.1582598e-01   1.0809780e+00  -4.5804862e-02  -1.0023346e+00  -9.6355689e-01  -1.2817505e-01  -8.0977315e-01   3.7602913e-01  -7.1622795e-01
  -5.0811194e-02   2.1233796e-01  -1.3984543e-01   7.9576445e-01   1.3302846e+00   1.0787354e+00  -1.4713901e+00   5.8196414e-02  -1.3932896e-01  -2.4769144e-01   1.0643811e-01  -3.2517195e-01
  -3.2410905e-01  -5.2525640e-01   1.3542322e+00  -7.7901357e-01   1.5812342e-01   3.9863965e-01   1.6471286e-01  -1.5311333e+00   3.5150744e-02  -3.3603662e-01  -5.0542420e-01  -5.0321633e-01
  -2.1466996e-01   8.7065369e-02   4.5578399e-01   1.7142409e-01   1.7284677e+00   1.2642965e-01   1.4546011e-01  -1.1651727e+00   3.5693336e-01   1.0185417e+00   3.7066892e-02  -4.0079635e-01
  -4.2551851e-01   9.0930003e-01   1.0728947e+00   2.6525632e-01  -4.3835986e-01   4.8065767e-02  -3.0674374e-01   3.9785951e-01   3.0634958e-01   1.2913715e+00  -1.2353112e+00  -1.9054013e-01
   6.9185746e-01   1.7250575e-01  -1.0545292e+00   8.1315964e-01   1.4737773e+00  -1.0651530e-01   3.6688635e-01  -1.0367761e+00   5.7799105e-02   8.9702792e-02  -5.4702997e-01   1.2169433e-01
  -1.4569544e+00  -2.0493032e-01   2.1441427e-01   7.6495528e-01   2.4797190e-03   1.7154241e-02  -3.8546264e-01   1.4949318e-03   5.2444565e-01   1.2083154e+00   4.4416463e-01  -1.0596802e+00
   5.9584236e-01   6.1231470e-01   1.2206860e-01   2.3990117e-01  -4.4127434e-01   1.3726628e+00   3.5237429e-01   9.5039189e-01   2.7981856e-01   1.1543981e+00  -8.2037908e-01  -8.5416943e-02
  -3.3304617e-01  -4.0815890e-01  -1.1924284e+00   1.4417654e+00   2.4185379e-01  -5.6183231e-01   4.0631703e-01  -3.1092238e-01   9.9002975e-01  -5.9397233e-01  -4.6804181e-01  -1.8431735e-01
   5.6763828e-01  -1.1725832e+00  -1.5617396e-01  -5.7888997e-01   2.0364723e-01   9.1489084e-02   5.4305804e-01   5.1849288e-01   1.3428755e+00   8.7003046e-01  -5.8617747e-01  -6.5258771e-01
   1.7929712e-01   4.6922347e-01  -8.4458001e-02   9.0653300e-01   6.8548399e-01  -2.1548038e-02  -5.4866916e-01  -1.5516396e+00  -1.2583780e+00  -8.7404053e-04  -1.0542955e-01  -3.8097104e-01
   1.0175551e+00  -3.9649761e-01  -1.0007348e+00   5.6191832e-01   1.4078736e-01  -8.4272575e-01  -6.6447836e-01   3.9131108e-01  -5.6394517e-01   2.4564984e-01  -1.3114203e+00   2.5939298e-01
  -5.6163706e-02  -9.2945509e-02   2.5295791e-01   4.9948630e-01   1.2079542e+00  -6.8036127e-01   4.1211045e-01  -1.0717565e+00  -4.3262413e-01  -1.0494856e+00  -7.9439032e-01   7.1732193e-01
  -2.0027629e-01   1.2835313e+00   9.7872400e-01   1.0940647e+00   1.0724474e+00   1.1977725e-01  -6.4621586e-01   4.3717957e-01   1.5992424e-01  -1.9561531e-01  -2.7499363e-01   4.9485788e-01
  -1.6739819e+00   5.4783559e-01  -2.6199147e-01   5.1603359e-01   4.9951372e-01  -9.3098395e-02   2.4406570e-01   6.8827128e-01  -5.8296245e-01   7.1400857e-01  -7.6100165e-01  -5.8522379e-01
  -3.6275709e-01   6.3567013e-02   9.2347640e-01   1.1230659e-01   1.5750939e+00   4.6958265e-01   5.2525342e-01   4.0298823e-01  -2.5583813e-01  -1.1413574e+00   3.8081563e-01  -5.8826500e-01
  -5.2898496e-01   1.8992572e-01   2.4779220e-01   3.0693620e-01   1.0003306e-01   7.3601192e-01  -1.3958977e+00  -5.2157801e-01   1.2294028e+00  -4.2832512e-01   8.6145377e-01  -5.6497931e-01
  -2.8072767e-02  -1.2853383e-01  -2.9574844e-01  -1.2096072e+00   6.6142297e-01   4.3009627e-01  -9.1984260e-01  -7.4449432e-01  -4.0636426e-01  -1.4158188e+00  -3.2497054e-01   3.6598879e-01
  -4.8231706e-01   1.4835217e+00  -3.6654824e-01   7.1843797e-01   7.8959447e-01  -3.5266781e-01   5.4100990e-01  -7.0057386e-01   8.1805134e-01   8.0909783e-01   1.1993725e-02   2.4637884e-01
   1.9256166e-01   5.3302407e-01   8.2116026e-01  -5.9164834e-01   1.4756454e+00   4.2614347e-01  -5.0648040e-01   2.9838884e-01  -5.9269196e-01   1.0703545e+00  -5.5951899e-01  -3.7385026e-01
   3.5650557e-01  -1.3812847e+00  -1.7180613e-01   8.1952906e-01   3.9292884e-01   7.9687577e-01  -8.4067333e-01  -3.0021875e-03  -3.7615916e-01  -6.1747533e-01  -9.0229821e-01  -6.5631706e-01
  -9.5990551e-01   1.7198105e-01   1.2037259e+00   1.0216649e-01   2.6876289e-01  -1.0718893e+00  -1.7111579e-02  -8.9562035e-01  -6.5877764e-03   6.6421217e-01  -1.0448840e+00  -1.8165006e-01
  -7.4426961e-01  -5.9167695e-01   1.2063054e+00  -8.8548136e-01   9.9654007e-01   5.8719164e-01  -2.3223227e-01   8.3413923e-01   2.9789481e-01  -7.6223260e-01  -3.0290779e-01   8.7360896e-02
  -3.8444051e-01  -8.2609731e-01   3.8244838e-01   1.3405820e+00   5.8883464e-01  -2.1445336e-02   7.8131282e-01  -5.0993639e-01   1.3517112e+00   2.7437142e-01   3.0074582e-01   1.2577918e-01
   2.6987851e-01  -7.8171396e-01  -1.0230963e+00   4.9305922e-01   9.9782258e-01  -3.4679073e-01  -1.6367859e+00  -1.0553252e-01  -9.3043745e-02  -4.3988645e-01  -1.2550715e-01   4.7192354e-02
  -5.7766771e-01   9.7279960e-01  -1.2058293e+00   2.1382557e-01   1.2039245e+00  -2.0745526e-01   6.8531030e-01  -3.9146525e-01   6.0489589e-01  -8.2189113e-01   1.4121641e-01  -2.0857057e-01
   1.2187880e+00  -1.0349281e+00  -3.9243162e-01   8.1256524e-02  -9.6839136e-01  -1.1334584e-01  -8.3589804e-01   5.9747970e-01   2.0870697e-01   5.0479972e-01  -6.2201166e-01  -7.6893300e-01
   5.4396546e-01  -2.3216031e-01  -4.5251647e-01  -9.5137548e-01   5.9013873e-01   1.8804404e-01   3.2011732e-01  -5.1823652e-01   2.6196414e-01  -1.5641297e+00  -6.2692887e-01  -9.3673974e-01
  -5.0302541e-01  -6.6123515e-02  -1.5208733e-01  -3.1431741e-01  -1.8794233e-01   4.7240573e-01  -1.7594405e+00  -6.3647026e-01   1.9831443e-01  -4.0573466e-01  -3.7076775e-02   1.2869066e+00
   6.7669255e-01   5.7207310e-01   1.6026541e+00   2.7846763e-02   9.5466751e-01   6.1100119e-01   7.2056569e-02  -3.2461888e-01   5.9057480e-01   1.9962303e-01  -5.7951945e-01  -7.2511446e-01
   6.6657048e-01   1.3466414e+00  -8.6131841e-01  -2.9444841e-01  -4.4339183e-01  -4.9112403e-01  -8.9923793e-01  -1.0563053e+00   5.3934509e-01   3.6349532e-01  -2.9019392e-01   2.1030608e-01
   1.6006036e+00   3.1311777e-01  -5.5018818e-01   6.8811518e-01  -1.2978370e-01   2.0392174e-01  -1.0064483e+00  -6.6743749e-01   3.6997473e-01   3.8650572e-01  -6.5844184e-01  -5.7198125e-01
   6.3239408e-01  -7.4640554e-01   2.7956191e-01  -7.7681136e-01  -2.5521323e-02   5.4793805e-01   3.8929248e-01   1.2609541e+00  -1.0034229e+00  -2.9122120e-01  -8.9521475e-02   1.1041936e+00
  -1.8264119e-01  -3.3938861e-01  -1.3860035e+00  -1.1013093e+00   1.8242127e-03  -1.0058743e+00   2.9336259e-01  -3.0630559e-01   5.2946049e-01   7.3555642e-01  -4.0949261e-01  -7.3269498e-01
  -4.5051786e-01  -8.6443549e-01   3.1219029e-01   7.7244443e-01   9.8550493e-01   4.3497857e-01  -9.0196979e-01   1.3385868e+00  -1.8035451e-01  -7.1312356e-01   1.6241343e-01  -1.4970124e-01
   2.2688654e-01   2.3160577e-01  -1.1713989e+00   6.0105211e-01   9.3929863e-01  -8.0207145e-01   6.3250047e-01   7.3699355e-01   4.9380428e-01   3.1971589e-01   9.5998788e-01  -6.5191120e-01
  -4.8781934e-01   8.8777447e-01  -2.2439959e-02   9.6658790e-01   7.9797548e-01   9.2390674e-01  -2.7695531e-01  -4.5451957e-01   5.9391570e-01   8.0084354e-01  -9.9184328e-01  -5.3627717e-01
   4.4347140e-01   2.1889145e-02  -1.5819792e-01   6.1393714e-01  -3.3820921e-01   4.9581805e-01   4.8467597e-01  -1.0522128e+00  -1.1633270e+00  -8.0338705e-01  -1.1310685e-01  -1.2988733e+00
  -7.2032446e-01   6.2599993e-01   2.0387509e-01  -1.4781200e+00   6.9958359e-01   5.8392316e-01   3.1729579e-01  -5.1032293e-01   2.4688230e-01  -2.5601086e-01  -7.6071107e-01  -9.8294955e-01
  -2.2526652e-01  -2.2918062e-02   7.3148340e-01   8.9926672e-01  -6.5656203e-01   1.3669089e+00   1.2056917e+00   5.9253347e-01   2.3625731e-01   2.9595262e-01   5.8781070e-01  -1.0841296e-01
  -9.1034269e-01   1.5771965e+00   5.3721935e-01   2.5521189e-01   1.4275207e-01  -2.6190150e-01   5.1596141e-01  -2.0451578e-01  -1.1005663e+00   6.8992138e-01  -2.7124023e-01   4.1493061e-01
