   7.0784789e-01  -9.5278591e-01   1.2881690e-01  -1.0173597e+00   4.1394117e-01   3.5916276e-02   4.9095627e-02  -6.6743702e-01   7.1088481e-01  -7.4144590e-01  -1.0627067e+00  -4.3458202e-01   9.1396916e-01   1.1490012e+00  -4.9912412e-02  -6.2263554e-01
  -1.6230051e-01  -5.4400343e-01  -5.9365798e-02   1.0431203e-01  -1.1719800e+00   1.1617849e+00   5.0103360e-01  -1.3807968e+00  -6.0170633e-01  -3.2193491e-01  -7.0759124e-01   1.1581643e-01  -9.1122103e-01  -1.0611370e-01   2.3267621e-01   9.5230407e-01
  -4.3966826e-03  -1.0751827e+00  -2.3874263e-01  -4.9975350e-01   3.4748453e-01  -1.8209952e-01  -5.8890626e-02  -1.2877700e-01   3.2494238e-01  -1.1090767e+00   1.0923722e+00   6.9869053e-01   1.7577602e+00  -1.4171459e-01  -3.7658036e-01  -3.0749431e-01
   1.6073583e-01   4.2099306e-01   3.6241966e-01   1.2271717e+00   7.5038242e-01  -5.6400374e-02   1.0208133e-02  -3.0303109e-01   1.9995949e-01  -1.7156190e+00   1.0722483e+00  -4.0241557e-01   5.5884868e-01   7.8660399e-01   5.1963407e-01   7.3356345e-02
  -4.4090554e-02   3.5120767e-01   1.3745710e+00  -5.8464479e-02  -4.5405862e-01  -1.0668337e-01  -3.1340805e-01   7.5938278e-01   2.4161147e-01  -4.7736904e-01   3.5960016e-01   7.4695116e-01   1.5726455e+00   1.4107777e-01   8.2464945e-01   9.7094750e-01
  -4.3913102e-01  -1.1143565e+00  -1.2094408e-01   2.1578892e-01   7.9764515e-01  -1.7563201e-01   1.3383034e+00  -1.4744349e+00  -8.4714013e-01   3.8689461e-01  -3.5863370e-02  -6.1185920e-01   4.2483607e-01   5.3962260e-01   3.1630766e-01  -2.3950349e-01
  -7.0306748e-01  -3.8847172e-01  -3.0115545e-01   3.6747432e-01  -2.0918760e-01   1.2783381e-01  -1.0316269e+00  -5.0633562e-01   1.1956619e-01  -4.7028098e-01   3.4035318e-02   1.7814323e+00   2.9012376e-01  -1.1543064e+00   6.8275177e-01   6.7487627e-01
   1.0197801e-01   9.5575094e-01  -1.1438708e+00   6.2188840e-01   2.9539859e-01   5.3474969e-01  -6.9338202e-01   2.1019538e-01  -1.1797565e+00  -9.8738915e-01  -4.1716385e-01   9.5177352e-01  -8.8837302e-01   1.3216256e-01  -3.2134825e-01  -3.5521376e-01
  -1.1363428e+00  -1.6834190e+00  -7.5605518e-01  -1.9506036e-01   7.2681016e-01   1.7047702e-01   9.3285388e-01   8.5496932e-01  -4.0100121e-01  -1.3192321e-01   3.7095043e-01  -6.8831644e-03   1.1222067e-01  -8.7917203e-01   3.7887875e-02  -6.1826203e-02
  -4.2661875e-01   4.7786397e-01   3.9646596e-01   1.4032090e+00  -2.7853659e-01   1.0082672e+00   4.3942654e-01  -1.4704569e-01  -8.6510116e-01   3.5285091e-01   1.8475543e-01  -4.5173183e-02   1.6540043e-01   3.1988677e-01   1.7564424e+00  -1.7522758e-01
  -1.5428224e-01  -3.2322720e-01   2.6456884e-01  -1.0092808e+00  -1.8016131e-01   4.0573317e-01  -1.4238883e+00   3.8201921e-02   5.0621581e-01  -1.8492349e+00   2.1689197e-01  -1.6127427e-01  -5.2811998e-01   4.3124390e-01   5.8382833e-01   4.8673548e-02
  -3.3674037e-01   4.2685047e-01  -3.7808314e-01   3.8004217e-01  -2.3535222e-01   1.7318210e-01  -8.7840319e-01  -3.9590827e-01   1.1025388e+00  -4.9616092e-01   1.0822061e+00   1.9030817e-01   1.1168488e-01  -1.2164378e+00  -1.1638120e+00  -9.4207203e-01
  -1.0192323e+00   5.1014125e-01  -4.6363652e-02  -1.0974524e-01  -1.1089480e+00  -7.9782248e-01  -1.5932176e-01  -3.1385231e-01  -1.6422710e+00  -1.9477209e-01  -7.3194087e-01   8.2874155e-01   3.1941852e-01   2.7133670e-01   6.9640344e-01   2.7997154e-01
  -4.4690534e-01  -2.1110748e-01  -9.6929455e-01  -1.1559465e+00   4.7460842e-01  -9.3275201e-01   2.3163655e-01   9.4212991e-01  -3.9415976e-01  -5.3091401e-01  -8.1228620e-01   9.8335975e-01   3.5790414e-01   2.9354569e-01   1.7799166e-01  -1.0646303e+00
   1.0123743e+00  -1.7795254e-01  -2.7218023e-01  -7.8867120e-01  -1.1200079e-01   4.4945404e-02   1.2199982e+00  -3.5911214e-01  -5.1082039e-01  -3.2340549e-02  -4.3753192e-01   2.2073403e-01   6.7602813e-01  -1.0291371e+00  -8.0970436e-01  -1.3933867e+00
  -3.2280287e-01  -1.2204054e-01   1.3083960e+00   3.9097077e-01   4.3654975e-01   7.2319525e-01  -1.3039364e-01  -1.0594500e+00   1.4828905e+00  -1.0005120e-01  -1.2221112e-01   3.1374297e-01   5.4124761e-01   1.5940742e-01   1.1166729e+00  -5.2484190e-01
  -4.0800098e-01   5.0560141e-01  -1.2470969e+00  -8.4224492e-01   1.0947505e-01   1.0698563e+00  -9.0773606e-01   1.0062324e+00   1.2557665e-01   1.8728806e-01   6.7010131e-03   6.6140741e-01   7.2062123e-01   6.5407163e-01   7.4254328e-01   5.7739341e-01
   2.0799367e-01  -6.3283330e-01  -5.9382224e-01  -1.0685544e+00  -8.0654788e-01   4.2978597e-01  -1.1079406e+00   1.0995170e+00   3.9474788e-01   2.3014024e-01   5.9237611e-02  -1.1046900e+00   3.8507110e-01  -3.7680793e-01  -3.5957026e-01  -9.6846730e-01
  -1.0201446e+00  -1.4157834e+00   4.6799425e-02  -2.8385812e-01  -2.3007227e-01   8.6669701e-01  -1.1872770e+00   1.7408918e-01   1.0103872e+00   6.9789726e-01   8.5425965e-02   4.8517421e-01   3.7380424e-01   6.1429713e-02  -7.6041377e-01   3.9458671e-01
  -5.4984277e-01  -7.6091290e-01   2.7196708e-01  -6.7820179e-01   8.7879413e-01   2.2316667e-01  -5.2787626e-01  -7.0470250e-01   5.3327245e-01  -4.7651342e-01  -2.0546019e-01  -3.9860168e-01   7.7932858e-01  -3.7746042e-01   3.1051776e-01   1.8516550e+00
   5.0749566e-02   6.0422909e-01   2.2479976e-02   8.4986794e-01   2.5896627e-01  -7.7093744e-01  -6.6909647e-01  -1.1866932e-01   1.6718751e+00   9.0179771e-02  -8.1838340e-01  -7.9171348e-01   6.8066514e-01  -2.2158073e-01  -4.7457081e-01   9.7410983e-01
   1.0828432e+00  -3.2542162e-02  -1.1166028e+00   2.5732881e-01   5.7197589e-01  -8.0501950e-01   4.1090527e-01   3.0242294e-01  -6.4303565e-01  -1.5288132e-01   3.9296988e-02   1.2299545e+00   1.0886154e+00   3.3867258e-01   4.0421155e-01   9.2923975e-01
  -5.3301477e-01  -6.0284119e-02  -1.0116781e-02   5.6837529e-01  -3.6446762e-01  -1.1057427e+00   8.0541575e-01  -6.2363718e-02   4.8986220e-01  -2.3560934e-01   1.6391664e+00   2.8284295e-02   9.7206794e-02   3.9755303e-01  -1.3270549e+00   6.8505883e-01
  -1.0745873e+00  -4.2595831e-01   3.9830122e-02  -9.4509166e-01   3.8327935e-01   7.3528093e-01   3.4177673e-01  -1.6861624e-01  -5.6151636e-02   7.3551083e-01  -9.1525060e-01  -1.1080026e-01   1.7715317e+00  -3.7526986e-01  -1.3606881e-02  -5.1266527e-01
  -2.6271790e-01   8.4341484e-01   2.0571329e-01   6.0544431e-01   6.9581681e-01   2.8119424e-01  -4.7484630e-01  -1.1587343e-02  -6.5801466e-01   8.7062001e-01  -1.2204509e+00   4.6197790e-01   7.8901398e-01  -4.0810949e-01   5.3607124e-01   1.4323237e+00
   9.9403930e-01   1.3570893e-01   8.3712924e-01   2.4689935e-01   2.2470993e-01  -5.6463832e-01   2.1869262e-01   8.0377519e-02   4.1318852e-01   5.9508699e-01   6.1217785e-01   1.1998131e+00   4.2679167e-01  -1.3518908e+00  -8.4193128e-01   8.6622852e-01
   2.5903654e-01   2.1641046e-01   1.1681149e+00   5.3031653e-02  -3.2701874e-01  -7.4476576e-01  -1.5171118e-01  -1.4769289e-01  -5.5321670e-01  -1.3451896e+00   4.5775136e-01   1.6111878e+00  -4.8040710e-02   5.4662520e-01  -4.8708889e-01  -5.9405911e-01
   1.5294471e-01   3.8138828e-01   2.2715032e-01  -8.9054304e-01  -1.1991839e+00   5.9881288e-01   2.8526759e-01   4.4218607e-02   1.2911233e-01   1.8165599e-01  -5.4520673e-01   1.2580085e+00   6.3367707e-01   1.2854477e+00   6.3238108e-01  -8.5041368e-01
   3.4006792e-01  -1.3248273e+00   3.8413569e-01   9.1943306e-01   3.5642706e-02  -6.9281060e-01  -8.6520684e-01   5.2094299e-01   1.1853679e+00  -1.1273824e-01  -3.9608061e-01  -2.8669107e-01  -9.0751672e-01   2.2428934e-01   1.9996972e-01  -1.0316435e+00
   7.6881908e-02  -9.0013915e-01  -1.4312906e+00  -7.3645246e-01  -6.2242210e-01  -6.7012835e-01   1.0922171e+00   5.5099106e-01   8.1275040e-01   5.1600558e-01  -4.8389548e-01  -3.8324231e-01   5.3322446e-01   7.9833364e-01  -1.7109828e-01   3.2843716e-02
   1.5338349e+00   5.6644768e-01  -1.1436318e+00  -4.0647545e-01  -4.3706998e-01   8.3785349e-01  -1.8876190e-01  -8.4598488e-01   5.3586793e-01  -7.3819542e-01   5.1254898e-01   6.5728450e-01  -4.5923004e-01  -8.5805863e-02   2.6181957e-01  -6.2880915e-01
   1.0430657e+00  -5.7172668e-01   1.3069177e-01  -9.1702074e-01  -4.9606499e-01   8.4648925e-01  -3.2133442e-01   1.1428710e+00  -9.1030550e-01   3.1046497e-02  -2.4610225e-02   9.7451532e-01   9.5711380e-01  -4.2701584e-01  -5.8031344e-01   3.7419420e-01
   4.6711081e-01   1.0267194e-01   5.1935953e-01   7.1664882e-01  -1.3881894e+00  -4.0897036e-01   1.4324559e+00  -8.9399815e-01   3.0408558e-01  -5.3516382e-01  -1.7533809e-01   7.1767002e-04   1.0797169e+00   3.3987036e-01   2.4324703e-01   5.4071683e-01
  -4.1770321e-01   6.2707627e-01   8.9010680e-01  -3.6484411e-01  -1.0740350e+00  -2.3443967e-01   4.6454176e-02   7.6075828e-01  -1.5690948e-01  -3.9191797e-02  -7.9898912e-01   4.8385909e-01   8.2271004e-01  -1.9594520e-02  -1.7235748e+00  -4.1336113e-01
   9.3973982e-01   4.8099118e-01  -2.6305339e-01   7.0482296e-01   1.4017883e-01  -9.6301091e-01   9.5951599e-01   2.3946822e-01   1.3352184e+00  -5.8372521e-01  -4.4133365e-01   7.3762876e-01   4.2856175e-01   1.1886897e-01  -9.2829520e-01  -6.8743527e-01
  -3.4798554e-01  -1.0008653e+00  -1.5815979e+00   2.2916384e-01  -8.0902368e-01   2.7640846e-01  -5.7707655e-01  -6.9957066e-01  -9.1215152e-01   6.9464731e-01   2.6225489e-01   3.5280403e-01   1.0917757e+00   3.2170124e-03   7.7413164e-02  -2.5315598e-01
  -5.7794356e-01   7.6848584e-01   1.0685658e+00  -8.0667061e-01   6.8493950e-01  -1.0706508e+00  -1.3148408e+00  -1.4868756e-02   5.2074438e-01  -2.9991020e-02  -8.2415861e-01   8.9332908e-01  -9.7134383e-03  -1.3867974e-01   3.4500220e-01   2.2515708e-01
  -8.8460910e-01  -4.7692567e-02   5.1702571e-01  -2.1712966e-01   5.0620031e-01  -1.1063293e+00   1.9607681e-01   7.2964615e-01  -6.2382758e-01  -8.5427040e-01   8.1912553e-01   3.8434798e-01  -4.8014456e-01   2.3990062e-01   1.6197954e+00   1.5513656e-02
  -4.8359868e-01  -4.1210142e-01  -1.7394613e-01  -1.4599343e-01   1.6199431e+00  -1.7006141e+00   4.2259866e-01  -1.9832058e-01   2.7498254e-01  -8.1386375e-01  -2.5718474e-01  -2.3030126e-01   1.0490533e-01   8.2643789e-01  -2.5681698e-01   4.3974695e-01
   8.2988411e-01  -1.5225267e+00   6.8014842e-01  -2.6468351e-01   4.1179642e-02  -1.0460372e+00   7.6367146e-01   1.1164730e+00  -6.2881970e-01   3.4780666e-02   6.5413462e-03   1.8455087e-01   1.4344642e-01   6.2210584e-01  -7.5049168e-01  -3.6523101e-01
  -2.6892531e-01  -6.2919658e-01   1.1831048e+00  -1.1106867e+00   1.1609717e-01  -2.2047834e-01   1.0823430e+00  -6.4268214e-01  -4.5283493e-01  -6.2864596e-01  -1.0233942e+00   9.4435745e-01   4.1407335e-01  -4.0143704e-01  -1.5613393e-01   5.9619164e-01
  -4.2241845e-01   6.6051757e-01  -3.9999753e-01  -1.6064522e+00   7.6560688e-01  -2.6799610e-01   1.1094426e-01  -6.6482478e-01  -3.5472798e-01  -5.6628150e-01  -9.0204859e-01  -4.2515934e-01  -1.1121063e+00   6.4979470e-03   4.2324510e-01   8.2182586e-01
   2.5938842e-01   1.5596212e+00   4.2213476e-01  -1.7016613e-01  -1.3556026e-01   5.8621484e-01   9.6740216e-01  -1.2510263e+00   2.2799104e-01   1.0954359e-01  -1.8377796e-01   3.3651930e-01  -8.6694860e-01  -9.2448843e-01  -7.6503676e-01  -1.6621688e-01
   1.7083217e-01  -8.7870550e-01   1.3126770e+00   4.1746667e-01  -8.4722710e-01   8.7293547e-01   2.2377845e-02   8.3632328e-02   6.4876443e-01  -1.1768711e+00  -1.8480815e-01   1.0796224e-02   6.2506771e-01  -1.0823711e+00  -6.4152741e-01  -1.5850808e-03
  -4.6450302e-01  -9.0433770e-01  -4.7801581e-01   1.9105455e-01   6.7444578e-02  -2.7954009e-01   5.1104325e-01  -1.3614146e+00   9.9978191e-01  -1.5444685e+00  -5.4778087e-01   5.1647955e-01  -2.1090485e-01  -5.3447539e-01  -1.4246738e-01  -4.4933090e-01
  -3.3763081e-02  -1.1647283e+00  -5.1043046e-01  -1.8040191e+00  -6.0465381e-02  -8.9771205e-01   1.6630268e-01  -3.7204841e-01  -8.7987608e-01   3.2644567e-01   6.4897001e-01  -1.3461994e-01   4.0223074e-01  -1.8971545e-01   1.4111800e-01   7.8351575e-01
   8.6672246e-01   1.1798831e+00   5.5737257e-01  -8.1686878e-01   8.1466442e-01   7.5302386e-01  -3.0677897e-01  -6.9015399e-02   8.5173327e-01  -8.5445487e-01  -8.0451481e-02  -4.6498194e-02   1.2298410e+00  -6.3016444e-01  -3.0398646e-01  -2.8797227e-01
  -1.3225594e+00   6.3372892e-01  -1.4544359e-01  -1.3308969e+00  -4.8145062e-01  -9.9413145e-01   8.1595606e-01  -7.8121072e-01  -6.2858053e-02   4.9655095e-01   1.4937012e-01  -4.7947326e-01   2.0999482e-01   1.5981026e-01  -1.9610964e-01  -9.7457778e-01
  -1.8150232e+00  -3.4932883e-03  -1.1230642e+00  -3.5245579e-01   6.1430414e-03  -2.7568433e-01  -7.8612208e-01  -1.4220968e-01  -4.2324734e-01  -1.9663511e-01  -8.2578170e-01  -5.8480251e-01  -6.0894743e-02  -1.0319041e+00  -4.7656858e-01   2.6184690e-01
  -2.7306375e-01   6.2852871e-01  -1.3561356e+00  -4.1972351e-01   1.2377102e+00   3.5704517e-01   1.7459169e-01  -3.1791067e-01  -7.4673074e-01  -5.3346711e-01   7.5740677e-01  -7.3981416e-01   6.6851377e-01  -2.2248235e-01  -3.6977381e-02  -1.1239210e+00
   7.0045084e-01   3.3708358e-01   5.4314792e-01   2.2220775e-01   2.7108189e-01  -2.3873311e-02  -8.5764863e-02   1.1207503e+00  -9.3849862e-01  -1.2887180e+00   7.0402700e-01  -8.0679780e-01   4.1370368e-01  -6.9728196e-01  -9.6453583e-01  -6.6183978e-01
  -6.3931096e-01   2.3305140e-01   3.1451795e-01   3.9563578e-01  -1.0220200e+00  -7.5076324e-01  -1.7699041e+00  -9.4905682e-02  -1.6094078e-01   9.1622275e-01  -3.3160332e-01  -8.2422644e-01   5.2005881e-01  -2.0393054e-01   7.2651458e-01  -1.9296089e-01
  -2.4234429e-01   8.4227341e-01  -8.6815405e-01   2.6060224e-01   5.3504780e-02  -3.7410110e-01   7.3669487e-01  -1.2088021e+00  -1.7537670e-02  -9.0160705e-02  -1.9113848e+00  -3.7207954e-02   3.4784630e-01   5.9398484e-01  -2.8681698e-01  -2.1026586e-01
  -4.3743336e-01  -3.4183931e-01  -4.5566282e-01   1.4967198e+00  -6.3892394e-01  -6.8255669e-01   9.5073110e-01   7.4494219e-01  -6.5318996e-01  -7.9781699e-01  -6.5387499e-01   1.1324303e-01   3.8760075e-01  -6.4880300e-01  -6.9683486e-01  -5.9224969e-01
  -8.7220663e-01   7.2144866e-02   3.7315929e-01  -5.3691840e-01   1.5570560e+00   6.0015768e-01  -4.5562449e-01  -3.0954841e-01  -1.0913314e+00  -5.0214368e-01  -1.8350139e-01   5.9438467e-01   6.5900427e-01   1.1103095e+00   4.7041291e-01   3.7600738e-03
   4.5692336e-02  -1.8082778e-01  -9.2675316e-01  -2.5245672e-01   2.6665376e-02   1.1141778e+00   1.6740188e-02   7.5060993e-01   1.1142337e+00  -8.8967419e-01  -1.4732448e+00   3.4091729e-01   3.5275510e-01  -7.5285053e-01  -2.2877014e-01   4.1658372e-01
   2.3764454e-01  -3.4674639e-01  -1.7188683e-01   6.1168712e-02   3.8933235e-01   3.8139814e-01  -1.5681453e+00  -7.1757495e-01   5.4530680e-01  -1.9359991e-01  -1.1987672e+00  -2.2356386e-01  -1.3529077e+00  -3.2830977e-01  -4.8194268e-01   7.2573316e-01
   7.4284798e-01   2.9483932e-01  -2.9415745e-01   1.8743064e-01  -1.0405955e+00  -2.5011334e-01   6.5333468e-01  -6.5459085e-01  -7.3106652e-01   5.2904576e-01   8.5407617e-03   1.1811692e+00  -4.4916642e-01   1.1862543e+00  -1.0581670e+00   5.4827833e-01
  -2.4116889e-01  -2.0086735e-01   1.0015351e+00  -4.5028251e-01   1.7303494e-01   3.3807230e-01  -6.8913859e-01   1.1444274e+00  -1.2662274e+00  -5.6689519e-01  -2.8616843e-01   5.1729703e-01  -9.4801688e-01   5.3389859e-01  -3.6704481e-01   1.0835624e+00
   5.8481824e-01  -4.2362696e-01   6.1091202e-01  -1.5740979e-01   1.3616815e-01   4.5466658e-01  -2.7803212e-01  -1.4409979e-01   7.5441849e-01   2.9294401e-01  -7.1221220e-01   1.8154018e+00  -6.0141635e-01  -5.5706537e-01  -4.1923764e-01  -1.2047940e+00
   3.0147710e-01   2.9726592e-01  -1.0468174e+00  -4.5038497e-01  -4.9542862e-01  -1.6429191e+00  -6.6796339e-01  -1.1034173e+00  -1.5276420e-01  -9.1107416e-01   5.5028174e-02  -1.1950047e-01  -2.9303646e-01   6.5090537e-01   4.8819077e-01  -5.4328150e-01
   3.1759206e-02   1.1188449e+00  -1.0377115e-01  -2.1556227e-01  -4.2900747e-01  -1.0884377e+00   5.0535721e-01   1.1986146e+00   2.3236644e-01  -5.2805060e-01  -2.0980507e-01   2.5305974e-01   2.2353032e-01   1.4680275e+00  -2.3309207e-01   9.6376497e-01
   4.4771370e-01   5.3793170e-02   5.5695057e-01  -6.9675857e-01   1.6398242e+00  -2.7992534e-02   9.7347218e-01   4.4307131e-01  -1.2483861e+00   5.8921081e-01   3.1941748e-01  -1.3874279e-01   1.6500872e-01  -1.0011766e+00   3.0973351e-01   1.2162860e-01
  -5.2197224e-01  -9.1376913e-01   2.4626440e-01  -5.6230545e-01  -1.2518741e+00  -1.4742012e+00  -8.6023226e-02   1.4622091e-01  -7.7185184e-02  -2.7295399e-01   1.7575216e-01   7.7886623e-01  -2.4603197e-02  -1.3236806e+00  -1.2915820e-01  -5.0901622e-01
