   1.3334287e+00   4.1441676e-01   7.0182383e-02  -9.8464394e-01  -2.1983939e-01  -2.5469038e-01   2.5579250e-01  -1.2561748e+00  -3.7953520e-01   4.1848344e-01
   1.3896105e+00   8.0071551e-01   6.4760232e-01   6.2513125e-01  -1.0163807e+00   2.7813524e-01  -5.6900388e-01  -1.6206822e-01  -3.9435107e-01  -4.1541953e-02
  -6.9863671e-01   3.3203518e-01  -3.9166316e-02   6.5201110e-01  -1.3193845e+00  -3.6601618e-01   9.1226190e-02  -1.0254195e+00  -1.0110327e+00   1.3516408e-01
  -8.2302475e-01  -6.1839545e-01  -1.3104337e+00   5.4715508e-01  -8.1080765e-01   3.5979041e-01   1.4145759e-01  -1.5758985e-01  -9.6594733e-01  -3.9855409e-01
   1.4575902e+00  -3.7322766e-01   1.9464236e-01   2.9164010e-01  -1.9710240e-01  -8.2704747e-01  -6.3762343e-01  -1.5829855e-01  -9.8039460e-01  -7.0536458e-01
  -4.0929070e-01   6.1558741e-01   1.0176044e+00  -5.1577550e-01  -9.3779653e-01  -8.5927606e-01  -2.4407233e-01  -7.6490194e-01  -5.6401569e-01  -7.5591838e-01
   1.0370404e+00   1.2560750e+00  -6.8425810e-01  -9.3687691e-02  -3.6080161e-01  -6.4836794e-01   9.3517846e-01  -3.6477929e-01  -1.1491175e-01  -5.4630578e-01
   2.3911209e-01   9.9234432e-01   6.9387549e-01  -1.2109344e+00   3.8911280e-01  -4.0276772e-01   1.9019592e-01  -9.1340691e-02  -1.2267489e+00  -3.8365585e-01
   3.5011929e-01   7.4390560e-01  -9.8811895e-01   1.1704861e+00  -4.4483323e-02   6.5296501e-01   2.8498927e-01   2.6764444e-01   3.0498305e-01  -1.1416630e+00
   8.5448956e-01   5.1719838e-01   8.8524021e-02  -6.5318626e-01  -1.9613253e-01  -7.1027035e-01   9.5152968e-01   7.2427052e-01   1.9310236e-01  -1.2480575e+00
   7.4492449e-01   3.8847126e-02  -1.2821062e-01  -5.5933809e-01  -3.2635304e-01   8.0545872e-01   7.1806818e-01  -1.3074069e+00   3.8747194e-01   9.9193841e-01
   8.9384604e-01   9.6897459e-01   1.3048010e+00  -1.8026485e-01  -2.1830860e-01   3.0420616e-01  -8.4896052e-01  -4.9064946e-01   2.4500136e-01  -6.0450792e-01
   8.3677602e-01   6.3171729e-02  -6.4772969e-01  -3.4894115e-01  -3.9335111e-01   5.2639371e-01   1.1233215e+00  -9.0843272e-01  -1.0478550e+00   3.7092379e-01
   4.9881428e-01  -1.4050707e+00   1.2649290e-02  -1.4522375e+00   2.1633507e-01   4.6099767e-01   1.7676243e-01   3.2897380e-01  -3.0812818e-01  -4.1722429e-01
  -8.9726603e-01  -9.2556190e-01  -1.9728608e-01  -1.0016948e-01  -1.1894201e+00  -6.9338930e-01   1.1264665e-01  -1.0572932e+00   4.9212036e-01  -1.4506340e-01
   2.3847574e-01  -3.7977761e-01  -1.0023268e+00   2.1698170e-03  -2.5907353e-01   1.0514617e+00   3.7777448e-01   5.6135839e-01  -1.8535005e-01  -1.4592303e+00
  -1.4081447e-02   2.9690838e-01  -1.2483557e+00  -3.5451552e-01   4.0658918e-01  -8.6961269e-01   1.4577019e-01  -1.0167587e+00  -7.2913367e-01   8.4814525e-01
   6.3774806e-01   5.5642849e-01  -9.3761861e-01   4.1340411e-01  -8.0523664e-01   8.6789918e-01   6.2234008e-01   9.6677169e-02  -1.1581613e+00  -3.0657357e-01
   1.1150079e+00  -1.0529126e+00  -4.8254985e-01   1.5538710e-01  -2.1637736e-01   8.7809688e-01   7.3438728e-01   9.0909266e-01  -4.5536733e-01  -1.1235678e-02
   5.2155650e-01  -9.8137692e-02  -5.8055378e-02   3.0476004e-01  -1.3922697e+00  -3.5476980e-01  -9.8577338e-01  -5.6962067e-01  -8.7608021e-01  -7.0291400e-01
   6.2501210e-01   2.0584139e-01  -1.9590504e-02   4.3879172e-01  -9.7656703e-01   1.9246651e-01   1.6783533e+00   2.6382217e-01  -6.7256075e-01  -2.1102358e-01
   2.9332060e-01   1.6820428e+00  -6.1702400e-01   4.7086692e-01  -5.9722745e-01   7.1119851e-01   1.8596086e-01  -5.5217004e-01  -2.8355238e-01  -4.4710350e-01
  -3.6935460e-02   7.9159565e-02   2.9884148e-01  -1.6640751e-01  -4.9629159e-02  -6.5782643e-03   1.5169811e+00   9.0597719e-01  -9.1953236e-01  -9.5147246e-01
   3.6571774e-01   7.4857837e-01   3.3528280e-01  -2.1316008e-01  -1.5393897e+00  -2.9512063e-01   6.4251578e-01  -6.0609919e-01   1.2220380e-01  -9.4662350e-01
   9.5897406e-01  -1.6521280e-01  -1.3128388e+00   2.4727853e-02   4.0228820e-01  -1.9949265e-01  -6.9927263e-01  -1.2152158e+00  -6.6717602e-02   3.9635950e-01
  -4.0334028e-01  -1.5387116e-01  -8.3323103e-01  -9.3596321e-01  -6.9043118e-01   7.6077926e-01   2.9934558e-01  -1.2115318e+00  -7.9340518e-01  -3.0817483e-02
  -7.5357363e-02   4.1387966e-01   1.3295269e-01   6.4891094e-01  -1.4592161e+00   3.5434055e-01  -9.7036165e-01  -8.7801683e-01   5.9216356e-01  -2.5733510e-01
  -2.9797220e-01  -1.0729107e-01  -1.7008815e+00  -7.4889994e-01  -3.8876440e-02   7.5686067e-02   8.0613476e-01   6.2809563e-01  -3.5057929e-01  -5.2091175e-01
   2.1969491e-01  -7.3557699e-01  -9.9863231e-02   2.3099726e-01  -1.6918893e+00   2.8254586e-01   1.3057999e-01  -2.1318058e-02  -7.0708759e-02  -1.1757981e+00
   1.0082077e+00  -1.1806928e-01   4.9651131e-02  -7.4137425e-01  -1.0166840e-01  -9.6294530e-02  -9.6132648e-01   2.8408617e-01  -1.5379970e+00  -1.6606885e-01
   2.9485086e-01  -3.6061057e-01   4.3592063e-01   1.0021030e+00  -1.4231795e+00   4.9185881e-01  -3.1044200e-01  -2.8572702e-01  -1.0455607e+00   2.2407344e-01
   5.2287853e-01  -9.3879014e-01  -3.8561139e-01  -1.0417513e+00  -2.1317750e-01  -3.3795142e-01   3.9874479e-01  -7.6042110e-01  -1.3016163e+00  -1.4223677e-01
   6.4905989e-01  -8.7554783e-01  -1.0550681e-01  -5.4705149e-01  -5.6247175e-01  -6.1062551e-01   1.4949044e+00  -1.1356168e-01  -3.4822515e-01  -6.6603726e-01
   6.9199902e-01   6.3105351e-01  -7.4111187e-01  -5.5963662e-02   7.4470901e-01  -1.3743808e+00   5.9842955e-02  -6.6816825e-01   1.6994216e-01  -8.0504990e-01
  -9.4843632e-01   5.7080668e-01  -6.8328083e-01  -7.7217370e-01  -3.0547625e-01   9.2801982e-01  -4.2855674e-01  -9.1061854e-01   7.3922157e-01  -4.4457984e-01
  -6.1083561e-01   2.8494251e-01  -5.8038700e-01   4.7372892e-01  -1.2502416e+00   2.5876713e-01  -6.3931787e-01   1.1698061e-01  -6.3756043e-01  -1.2350949e+00
  -2.7735752e-01   4.9458463e-02   6.6308111e-02  -4.4292456e-01  -1.9839796e-01  -7.3109502e-01   9.7660846e-01  -7.8852123e-01  -1.5508698e+00   4.0676656e-01
   5.9996235e-01   3.4502071e-01   6.1086160e-01  -5.7240152e-01  -1.6145468e+00   2.8488615e-01   1.5335780e-01   6.1147526e-02  -1.0455567e+00  -1.0882569e-01
  -1.0769585e+00   8.5713041e-01   8.3099115e-01  -1.1725596e+00  -1.4261165e-02   1.9130829e-01  -6.4863920e-02   5.4876488e-01  -3.9694327e-01  -7.3507065e-01
   4.3770716e-01   1.3629149e-01  -2.7091566e-01   1.3806826e+00  -5.2436745e-01  -1.2176608e+00   5.5652070e-01  -6.9930142e-01  -4.4758627e-01   2.3114356e-01
  -2.6592812e-01  -1.0468546e-01  -4.3293309e-01  -3.4639321e-02  -6.4844459e-01  -1.0569198e+00  -2.5095206e-01  -1.4960194e+00  -7.7609998e-01  -5.3735447e-01
  -7.6940793e-01   1.2625592e+00  -8.8610905e-01   8.1343061e-01  -1.1137850e+00  -5.9861954e-02  -7.4759081e-02   1.8627051e-01   1.3399063e-01  -2.5447541e-01
   1.3010424e+00  -3.0086994e-01   2.7060404e-02  -1.1518126e+00   2.2718269e-01   1.2920990e+00   2.9912573e-01   1.5247267e-02  -2.6330650e-01   9.5868170e-02
  -1.1421337e+00  -7.6071316e-01   1.9380367e-01   4.6657702e-01  -1.4245238e+00   4.0510109e-01  -3.8430715e-01  -5.2768010e-01  -4.4756556e-01   2.0436111e-01
   1.5149572e+00   5.7792270e-01   6.9075334e-01   8.9996272e-01   2.6085845e-01  -4.8608938e-01  -5.5699819e-01  -1.9337058e-01   4.6040505e-01   4.6892932e-01
   5.2270937e-01  -8.8976228e-01  -6.8527991e-01  -6.9651443e-01  -2.9516122e-01   2.0176305e-01  -3.3483163e-02  -1.6841011e+00   9.4626211e-02  -7.9100184e-02
   4.2118892e-01  -2.2967239e-01  -2.3977526e-01  -1.3500501e+00   4.6176007e-01  -3.6551487e-01  -9.0562546e-01  -2.3996386e-01  -1.1647942e-01  -1.2851430e+00
   1.2541677e-01   7.4338114e-01   3.7117070e-01  -8.9664435e-01  -2.9552436e-01   6.4223063e-01   3.0810142e-01  -6.9976431e-01   1.4220313e+00   6.1915433e-01
   6.4435178e-01  -6.2039554e-01   1.2761433e-01   8.1403488e-01  -3.8599451e-03   1.3377428e+00  -1.5108868e-01   1.6990072e-01  -1.0828873e+00   7.1209025e-01
  -7.1740121e-02   4.7133726e-01  -4.3742397e-01  -1.0279591e+00   1.1714943e-01  -3.8257250e-01   2.3921293e-01  -1.3911693e+00  -8.6833382e-01  -7.8612363e-01
   4.1057527e-02  -4.3330762e-01   1.1476743e+00   2.7964991e-01  -5.5806255e-01   1.3857512e-01   5.1259631e-01  -6.0075140e-01   1.7037185e-01   1.5594478e+00
   1.2208737e-01   6.2024295e-01  -8.4533006e-01   1.3188974e+00  -8.3019638e-01   1.4415413e-01  -4.2526683e-01  -8.4660906e-01  -6.4168251e-01  -3.5631335e-01
   2.0203619e-01   1.2827580e+00  -6.1101907e-01  -9.2509115e-01   1.1783401e+00   4.7375619e-01   9.4421647e-02   3.7116285e-02  -4.6283162e-01   4.9713117e-01
   9.9125224e-01  -6.2758881e-01  -3.9518410e-01   7.6992065e-01  -4.7426471e-01  -4.1054907e-01   4.2092881e-01   6.8203276e-01  -7.2662103e-01  -1.1449009e+00
   7.4643159e-01  -8.1157559e-01  -6.4118457e-01   1.1640533e-01  -9.7016484e-01   4.1856074e-01  -2.0124781e-01   2.7410859e-01  -1.3252268e+00  -6.0929704e-01
  -2.4780329e-01   1.8511355e-01  -1.9285878e-02   4.2292696e-01  -9.9985826e-01  -1.6598580e+00  -8.2563806e-01  -5.0324351e-01  -1.8787269e-01   3.7147189e-03
   3.2791170e-01  -6.3803834e-01   1.2710744e-01  -1.1941808e+00  -7.5396073e-01   7.6593888e-01  -5.7277966e-01  -6.7382908e-01  -9.4433898e-01   4.6275243e-01
  -4.1547194e-02  -1.0389287e+00  -5.2534604e-01  -6.6586964e-02   4.3401083e-01  -1.3701514e+00   9.1707224e-01  -5.0537449e-01  -6.9002438e-01   1.5461200e-02
  -1.0913142e+00   1.0769831e+00   4.4299388e-01   4.4306837e-02  -1.4368962e+00   3.3357024e-01   1.0311106e-02  -4.0693324e-02  -3.6979482e-01  -3.6943752e-01
  -1.1944784e+00   6.5052480e-01   6.4412303e-02   3.3700708e-01  -1.3578902e-01  -9.1553944e-01  -3.3438835e-01  -4.5714575e-01  -1.0337578e+00  -8.8668567e-01
  -1.9148245e-01   7.8686625e-01  -3.3827353e-01  -1.3199105e+00  -3.6071819e-01   2.6889920e-01   1.1656647e+00  -3.5321766e-01   3.0205175e-01  -8.4284484e-01
  -2.2068586e-02  -5.9412265e-01  -5.6726128e-01  -1.5576319e+00   4.8514116e-01  -1.2322470e-01   1.9851579e-01  -7.8649914e-01   8.1396133e-01  -5.7224166e-01
   1.0025319e+00   7.3476911e-02  -5.2629620e-01  -7.0749158e-01  -7.1010411e-01   1.0142559e+00   1.8613614e-01  -2.1146062e-01   1.2402892e+00  -2.4770364e-01
  -5.6113130e-01   8.0848426e-01  -5.3950727e-01  -9.0267509e-01   2.0686676e-01   8.4935111e-01  -4.1862956e-01  -6.1414826e-01  -1.2638353e+00  -1.0814147e-01
   1.0449761e+00  -5.4590571e-01  -1.4648840e+00   1.4298709e-01  -8.1463382e-02   4.9490461e-01   5.3027040e-01  -4.1854063e-01  -4.7804767e-01  -7.1219528e-01
   8.7071383e-01   7.9238665e-01  -1.1637833e+00   5.4603803e-01   3.5134235e-01   7.7899826e-01  -5.7446122e-01  -8.3060539e-01   1.6468798e-01  -4.2909133e-01
  -8.9913063e-02   4.3066025e-01  -1.2163075e+00   1.9266111e-01  -5.1733728e-02   6.9357759e-01  -1.3632984e+00  -7.1197069e-01  -1.7369497e-01   6.4073753e-01
   3.6115348e-01  -1.0351968e+00  -5.5320537e-01  -1.1794489e-01  -7.2990721e-01   1.1157931e-01   6.0380602e-01  -7.1141535e-01   3.7316507e-01   1.3866611e+00
  -9.6232492e-01  -2.1401722e-02  -1.0847450e+00   6.5450597e-01   1.7203109e-01  -2.0317052e-01  -5.5315393e-01  -1.1228219e+00  -6.7088658e-01   6.1705166e-01
   3.5912275e-01   4.2060059e-01  -8.3631402e-01  -8.0614924e-01  -8.6242920e-01   4.1139744e-02  -7.9485029e-01   1.0332996e-01  -1.1332387e+00  -8.2015729e-01
   8.0406022e-01  -5.8483946e-01  -1.2853453e+00  -1.0669503e-02  -3.0909267e-01   3.4892932e-01  -3.7657729e-01   1.6036803e-02   8.7633574e-01  -1.1099108e+00
   1.2310226e+00   7.9802823e-01  -4.4264100e-03   2.4167617e-01   8.8912308e-01  -2.6627296e-01  -9.8313147e-01  -6.2400848e-01   4.7111714e-01  -5.9159207e-01
  -9.8255418e-02   1.3236568e+00  -1.8191688e-01  -5.6153655e-01  -9.2519534e-01  -5.3220160e-02   3.1749317e-01  -8.9820933e-01  -1.0389773e+00  -2.0973197e-01
  -6.9836104e-01  -5.7834756e-01   1.1626459e-01   4.2344290e-01  -1.0596042e+00   1.5512031e-01   8.0334735e-01  -1.8568377e-01  -1.3294576e+00  -6.2518644e-01
   6.8578416e-01   1.9939813e-01  -7.3073691e-01  -4.5341420e-01  -1.2608379e+00   4.2798629e-01  -4.9669686e-01  -8.7044632e-01  -5.2277398e-01   8.3655107e-01
   1.3740149e+00   5.5286634e-01  -8.0940193e-01  -1.1173975e-01   8.0428606e-01   1.6337334e-01   1.9468941e-01  -4.1724259e-01  -1.0040712e+00  -4.9505898e-01
  -4.9042529e-01   4.3563110e-01  -4.3704677e-01  -6.5119183e-01  -5.7004446e-01  -3.0294755e-01   2.7703708e-01  -8.0973707e-02   3.8056734e-01  -1.8192807e+00
  -4.8810551e-01   1.3383256e+00  -9.4963390e-01   2.8946483e-01  -2.7574575e-01  -6.5611392e-01  -4.8322579e-01  -8.1991410e-01  -7.1986741e-01  -2.3355229e-01
  -5.6646353e-01   1.5808909e+00  -3.0892739e-01   7.4669296e-01  -2.5577047e-01   1.4030281e-02   8.4362388e-01  -1.0965767e-01  -6.7168403e-01   5.3517866e-01
   4.3504626e-01  -1.7890346e-01  -1.3708924e-01   1.7652629e-01   3.6792985e-01  -1.1303267e+00  -2.9265749e-01   1.0773741e-01  -1.7334819e+00   4.6211246e-01
   9.3882364e-01   1.0257863e+00  -4.1664717e-01  -1.0945733e+00   3.8566035e-01   7.2238308e-01   4.7874740e-01  -7.6329511e-01   4.2977214e-01  -1.6611256e-01
  -6.8785357e-01   5.7663691e-01   6.2973768e-01  -4.7421601e-01  -7.1950674e-01   1.5304260e+00   3.0673441e-01   1.6776308e-01  -6.7252105e-01  -3.7213922e-01
   2.5823864e-01   1.1068282e+00   2.3350996e-01  -2.8447452e-01  -1.1286089e+00   7.8438348e-01  -8.5837924e-01   2.2416250e-01  -3.6328033e-01  -8.7449408e-01
   7.1262836e-01   5.9117937e-01   9.2671084e-01   1.0290887e-01  -1.4521708e+00   3.4802702e-01  -2.1472715e-01  -3.3472052e-01   8.1828231e-01   4.6436113e-01
   8.5743910e-01  -1.2066180e+00  -5.0330842e-01  -7.6378095e-01  -7.7116168e-01   8.4108764e-01  -2.2922684e-01  -3.2979399e-01  -1.0866444e-02  -7.1319318e-01
  -1.0273200e+00  -3.7690076e-01  -1.0259783e+00  -1.2818594e+00   5.1237494e-01   4.1642633e-01  -4.5480752e-01  -6.4081603e-01  -2.1155199e-01   9.2604779e-02
   7.9916336e-02   7.2875434e-01  -1.5852603e+00  -6.9505572e-02  -6.5715266e-03   4.2216858e-01   1.1744302e-01  -8.4008205e-01  -1.0230002e+00   1.7872572e-02
   6.7277104e-01   2.3555802e-02  -1.2180150e+00  -1.1733402e+00   9.3075955e-01   3.0392188e-01   1.0800878e-01  -7.8663850e-01  -3.1192437e-01  -9.5741507e-03
   5.5037999e-01  -3.6150959e-01   1.9067216e-01  -5.0912768e-01  -4.5977935e-01  -2.3593214e-01  -3.3174485e-01   4.4495937e-01  -1.0615950e+00  -1.6027281e+00
   2.8157023e-01  -6.2468410e-01  -1.2642026e+00   3.5697049e-01  -1.0221034e+00   3.4017216e-02   3.4559420e-01  -1.0161421e+00  -6.6983658e-01   3.9791760e-01
   9.6193969e-01  -2.0020683e-01  -7.9838431e-01  -2.5113088e-01  -3.8560975e-01  -1.0170805e+00   6.2097353e-01  -1.1817206e+00  -4.7773629e-01  -3.7503767e-01
   4.3812537e-01  -1.5062137e-01   3.3049425e-01   4.2047516e-01  -1.4511203e+00  -2.9593129e-02   9.6057731e-01  -8.6277783e-01   7.9977775e-01   2.9320520e-01
  -5.2986997e-01   5.3673631e-01  -4.6368369e-01   5.5832577e-01  -1.0780940e+00   1.5261714e-01   8.9530572e-02  -6.8391132e-01   1.4248006e+00   4.6155798e-01
   1.2753450e+00   1.1919438e+00  -1.3033938e-01  -6.6659260e-01  -1.1360238e+00   3.0643880e-01   7.1740992e-02  -2.4380386e-01   8.8736057e-02  -1.8578216e-01
  -2.0906620e-01   5.4078901e-01  -3.5713506e-01  -5.6406230e-01  -8.1421745e-01  -7.4858147e-01  -1.0418379e+00  -5.4981530e-01  -1.4298189e-01  -1.2596171e+00
   6.9084877e-01  -7.4468172e-01   1.0231172e-01  -1.6111594e-02   6.8814451e-01   2.1345642e-01  -1.0342245e+00  -1.3439481e+00   7.4259305e-01  -1.0526741e-01
  -2.2066984e-01   7.3319155e-01  -2.2875582e-01  -8.6998606e-01   8.4374940e-01   2.8718746e-01   8.4657472e-01  -7.8901953e-01   6.6814196e-01   1.0121690e+00
   5.9205174e-01  -5.7523906e-01  -7.0493400e-01   4.9567270e-01   1.1158643e+00   5.5868298e-01   4.7110161e-01  -9.4385886e-01   7.0645887e-01   6.3779420e-01
   2.8861016e-01   1.5813997e+00  -5.2499700e-01  -1.2419441e-01   8.4713209e-01  -8.7189513e-01   2.6911771e-01  -6.4641409e-02  -7.5413811e-01  -4.0895626e-02
   4.6270505e-01   2.1684533e-02  -9.0307498e-01  -5.2050871e-01  -1.3382030e+00   8.5906200e-02   5.5084753e-01  -6.0061866e-01  -7.5877875e-01  -8.1294054e-01
  -1.4406510e-01  -9.7069907e-01  -6.0683715e-01  -6.1697018e-01  -2.5038952e-01  -6.2249899e-01   5.8936191e-01  -1.1046746e+00  -7.9148754e-02  -1.1242630e+00
  -4.2838600e-01   2.8793287e-01  -1.9209543e-01   1.1944833e+00  -1.1425993e+00  -8.6978155e-01   8.2282824e-03   7.8896922e-01  -3.5070029e-01  -6.7993021e-01
   1.8396238e+00  -2.1290834e-01  -7.9362881e-01   4.6531200e-01   9.6586987e-02  -3.7536815e-01  -2.9918121e-03  -5.2967572e-01   2.6862833e-01  -4.7024992e-01
   3.0375433e-01  -7.1683437e-01   8.7397212e-01   2.1061149e-01  -8.5363328e-02   1.3379681e-01   7.4710488e-01   4.8323974e-01  -1.0358458e+00   1.3022465e+00
  -1.1578743e+00   2.6354983e-01  -1.2620759e-01  -9.3859807e-02  -2.6440763e-01  -3.2235017e-01   1.2578814e+00  -1.3284650e+00  -1.3716891e-01   1.5940531e-01
   3.3562788e-01  -5.3293943e-01  -5.4274350e-01  -8.8964784e-01  -4.4773844e-01   7.9010338e-01   1.3654118e+00   3.7033185e-01  -6.5293324e-01  -5.1452428e-01
  -7.5106925e-01   3.7752849e-01  -1.2972583e+00   5.3754932e-01   6.8049240e-01  -2.9244378e-01   1.0562105e+00  -4.6757123e-01  -5.2937090e-01   3.9811879e-01
   4.1416937e-01   5.9936720e-01   2.8075996e-01  -2.3600775e-01   2.2599621e-01  -9.2953998e-01  -1.4229076e+00  -4.7348192e-01  -1.0415106e+00  -2.9322773e-01
   6.7964345e-01   1.2226491e+00   6.2067020e-01  -4.5670098e-01  -4.2808360e-01   5.7237524e-01  -5.8446360e-01  -4.1244531e-01  -1.1323700e+00   3.8021982e-01
   6.9558364e-01   1.9812135e-01  -3.8577810e-01  -4.5849222e-01  -1.6039318e-01  -4.8696229e-01   1.0380483e+00  -8.2282573e-02  -1.4603628e+00  -7.9877329e-01
   8.9684725e-01   1.2996839e-01   4.9737990e-01  -8.1930953e-01  -5.1983428e-01  -1.2346017e-01  -5.2314591e-01  -9.4976002e-01  -9.7032690e-01  -9.2595267e-01
   9.5041417e-02   5.8097458e-01   2.1825691e-01  -2.1714360e-01   5.8274263e-01  -9.9745178e-01   1.6150893e+00  -3.1958213e-01  -4.3719953e-01  -5.6776744e-01
  -3.9759330e-03  -6.2307168e-02  -3.1670117e-01  -6.4916027e-01  -1.2834281e+00  -3.0255595e-01   7.8837603e-01  -1.2625997e+00  -3.8583913e-01   6.0917962e-01
  -1.5822747e-01  -1.1755247e+00  -6.1905313e-01  -5.8927178e-01   2.5924101e-01  -3.5458645e-01   1.4592797e+00  -4.4759217e-01   5.7401776e-01   1.0182253e-01
   4.4800705e-01   8.9150202e-01  -4.9307704e-01   4.6820901e-02  -1.0152448e+00   1.1056247e+00  -2.6795994e-02  -9.5422190e-01   6.6188228e-01   3.9588237e-01
   3.7405598e-01   1.5579228e+00  -3.1934369e-01   1.4053935e-01  -5.1532261e-02  -1.9931835e-01   9.4493710e-02   1.5691204e-01   6.7553210e-01  -1.3337724e+00
  -7.3551345e-01  -2.3158385e-01  -1.2337865e+00  -3.9314935e-01   2.1752271e-01  -6.0251391e-01  -1.2012193e+00  -6.7288423e-01   2.4033856e-01   6.0397875e-01
   2.6383507e-01   1.2072967e-01  -1.3583663e+00   4.0204021e-01   4.6035561e-01   6.4077032e-01   9.5423490e-02  -7.5940329e-01  -3.6821115e-01   1.2510506e+00
   1.0296283e+00   7.8396998e-02  -1.0619786e+00   7.8313404e-01   3.7127218e-01   1.1885047e+00  -1.8060761e-02   5.5068570e-01  -5.7968491e-01  -5.1185705e-02
   8.4992999e-01  -6.0305291e-01  -1.0478655e+00  -8.8385321e-02  -3.5130489e-01   1.3232768e+00  -1.5372358e-01  -7.5913477e-01   1.6170669e-01   5.5458993e-01
   1.5210146e+00   6.9457161e-01   3.4542236e-01   2.6515275e-01  -7.1759379e-01  -3.8983351e-01   9.6665770e-01  -3.2617053e-01   4.8110840e-01   2.7435759e-01
   1.0069547e+00   2.1055356e-01  -4.9876526e-01  -1.0665330e+00   2.2029404e-02  -3.4593749e-01   4.5368144e-01  -8.4835064e-01   2.4348995e-01  -1.2043583e+00
  -1.1059000e-01  -9.6950638e-01  -8.7024140e-01  -5.3473961e-01   3.8066334e-01   4.9105592e-02  -3.1298777e-01  -1.1156920e+00  -2.3273829e-01   1.2084483e+00
  -8.2128531e-01   3.0250436e-01  -4.2046902e-01  -6.3473159e-01   1.9602089e-01   5.8697438e-01   9.9828917e-01   3.8944858e-01  -1.4368441e+00  -2.4200794e-01
  -7.2893858e-01   5.6119365e-01   1.7558107e-01  -1.8154245e-02  -8.6937064e-01   4.6514696e-01   1.4750195e+00  -3.3576661e-01   6.9802904e-01   6.1214280e-01
   1.6049582e-01   2.1800424e-01  -6.7520243e-01   5.7283521e-01   8.3328903e-01  -9.8969346e-01   6.3963896e-01  -8.1910479e-01  -1.0677104e+00  -4.9873549e-01
   1.0726984e+00   2.2597751e-01  -7.7945954e-01  -7.5719106e-01  -3.6862957e-01   9.3138903e-01  -2.5237516e-01  -1.0482696e+00  -4.1356578e-01  -5.2951360e-01
   1.0778255e+00   1.2278070e+00   1.8567801e-01   2.3251792e-02  -4.1575658e-01  -1.0449631e-01   2.1101341e-01   3.5304585e-01  -1.0303330e+00  -9.3874258e-01
   1.0913514e+00  -4.9347174e-01  -1.7889458e-01  -7.1577251e-01  -3.3759019e-01  -1.9582044e-01  -4.6414241e-01  -8.9030975e-01   1.2472104e+00  -5.5242842e-01
  -4.6068683e-01  -1.0145656e+00  -2.4209116e-01  -4.4069892e-01  -7.6330769e-01  -8.0643393e-02  -5.3013867e-01  -4.8858917e-01  -1.1277357e+00  -1.0606152e+00
   9.7866577e-01  -1.3856691e-01   2.5890502e-01   5.5067271e-01  -3.6994910e-01  -1.1982524e+00   1.2126807e+00   3.3915433e-01   2.2916025e-01  -6.6478157e-01
   1.0671425e+00   4.9218488e-01  -7.3488069e-01  -8.3884001e-02  -8.5148335e-01  -4.7478225e-02  -2.5743237e-01   1.2879302e-01  -4.2265330e-02  -1.5033135e+00
   5.1013207e-01   9.0207195e-01  -5.3573686e-01  -5.1763999e-01  -7.9294914e-01   2.8685972e-01  -9.6823221e-01  -1.0593475e+00   4.9388301e-01  -5.9699160e-01
   1.3106839e-01   7.9352880e-01  -8.5963982e-01  -2.1224571e-02  -5.5839771e-01   5.0033100e-02   1.2355531e+00   4.2890054e-01  -2.0882997e-01  -1.2430743e+00
   4.5513675e-01   1.0683305e+00  -8.8228172e-01  -7.2445685e-01   5.5208808e-01  -8.3547689e-02  -8.9883488e-01  -1.0316807e+00  -3.2857510e-01  -2.3716964e-01
   9.6853459e-01  -5.0767243e-01  -1.0767699e+00  -4.0503749e-01   7.8395718e-01  -4.9469492e-01   1.1212451e+00  -4.3523723e-01  -3.8677382e-01   1.5872082e-01
   6.7898238e-01   1.1734669e+00  -5.6839550e-01   1.2176584e+00   2.6352647e-01  -7.6855832e-01  -3.6373970e-01  -1.5825972e-01  -1.8845770e-01  -7.0936304e-01
   7.1543401e-01  -9.0196902e-01  -7.0116490e-01  -6.6398114e-01   2.1454090e-02  -1.3262192e+00   5.5499738e-01  -8.4294237e-02   6.1928266e-01  -5.3305465e-01
   3.0738071e-01   5.4128075e-01  -4.5390567e-01   3.9490509e-01  -7.3438585e-01  -1.0138484e+00   3.9872709e-01  -4.0919685e-01  -6.9608617e-01  -1.3683493e+00
   8.8250309e-01  -3.1765550e-01  -9.9358237e-01  -4.9096915e-01   5.2697080e-01   8.1698030e-01  -8.1963843e-01   3.5861877e-01  -6.0709924e-01  -8.8197953e-01
  -2.7732540e-02  -3.6992690e-01  -7.2293496e-01  -5.5844241e-01  -1.3085551e+00   4.1198346e-01  -3.3738203e-02  -1.0715501e+00   6.8018782e-01  -7.3063856e-01
   1.1649756e+00  -9.2041546e-01  -8.8247192e-01   2.5098827e-01   7.5887889e-01  -3.9737552e-01  -1.4617290e-01   1.1523673e-01  -1.0526482e+00  -2.7820328e-01
  -1.4329685e-01   6.7123854e-01  -1.4690163e+00   1.0874043e+00  -3.9187166e-01   2.8791580e-01   7.5669670e-01   5.3867716e-01  -2.5743836e-01   1.5149918e-01
   1.5820924e+00  -2.7742183e-01  -4.6549108e-02  -2.8403479e-01  -2.8732228e-01   7.0889598e-01   3.7816378e-01  -5.7428773e-02  -8.0826646e-01  -9.7595561e-01
  -1.0787488e+00   2.1971850e-01  -1.0134956e+00   3.5776588e-01  -1.2639375e+00   5.9358782e-01  -4.1707692e-01  -7.1001136e-01   6.9073319e-02  -1.1406164e-02
  -9.6089107e-01  -5.2181762e-01  -9.1281146e-01  -7.5814795e-01  -2.1854940e-01   3.0087760e-01  -6.8342596e-01  -1.2614742e-01   4.8837587e-02  -1.3314359e+00
  -1.1526929e-01  -1.5755311e+00  -9.4547611e-01   3.1229195e-01  -1.0196457e+00   1.4825046e-01  -1.1941437e-01  -3.0267256e-01   3.0980101e-01  -4.9945983e-01
  -5.2314025e-01  -5.7754630e-01  -7.3773700e-01  -9.8618977e-02  -4.8714501e-01  -3.9170659e-01   5.0733519e-01   3.6523116e-01  -7.1670067e-01  -1.5948656e+00
   1.4415505e+00   7.2310513e-01  -9.0550378e-02  -5.4070783e-01  -5.1648382e-02   4.9608016e-01  -1.1020039e+00  -7.6687761e-02  -3.1868520e-01  -7.2654623e-01
   5.9600137e-02  -3.7063622e-01  -7.7368969e-01  -1.0698117e+00   3.6856586e-01   4.3329185e-01   7.4772306e-02  -3.7067136e-01  -1.0510653e+00  -1.2428496e+00
   1.0311074e+00   3.0882090e-01  -1.0417433e+00   9.6375132e-01  -1.9028975e-01   1.5484691e-01   6.5342563e-01  -1.1347736e+00  -1.2241827e-01   1.9378205e-01
  -5.4685616e-01   1.5928760e+00   7.8117210e-01  -1.9391000e-01  -7.1035877e-02  -7.7945754e-02  -4.7464108e-01  -2.8328946e-01  -9.7893035e-01  -4.9081644e-01
   4.6838766e-01  -6.7121267e-01  -1.0987701e+00  -1.5631603e-01  -1.1216316e-01   9.6111882e-01  -1.6840002e-01  -4.4147378e-01  -1.3578211e+00   3.0836722e-01
  -6.7374969e-01  -6.0632223e-01   4.2810565e-01   3.8926703e-01  -3.5199931e-01  -9.3613589e-01   1.4832078e+00   4.0739617e-01  -6.8392748e-01  -9.8712690e-02
  -9.5320833e-01  -5.3329802e-01  -5.9420800e-01   8.0177903e-01  -9.0688729e-01  -2.0947126e-01   3.8584229e-01   1.1054041e-01   5.1115865e-01  -1.2338375e+00
   5.5242974e-01   1.2688416e+00   4.1209143e-01  -5.1601088e-01  -2.6864231e-01  -7.1235996e-01   3.0772233e-01  -9.2024457e-01   8.8803297e-01  -5.8224070e-01
   1.2119699e-01   5.6406486e-01  -1.0306628e+00  -6.8266612e-01   3.8346475e-01  -4.0637234e-01   1.1779635e+00  -1.1782219e+00   2.2416246e-01  -2.4617260e-02
   6.2503231e-01  -7.3419946e-01  -1.1825067e+00  -4.6277416e-01  -5.8388263e-01  -5.9693962e-01  -4.2073038e-01  -3.4763268e-01  -4.0462324e-01  -1.1397216e+00
   2.6224104e-01   1.5433775e+00  -7.6442051e-01  -8.6901271e-01   1.5272553e-01   2.5328508e-01   3.4675467e-01  -1.8106002e-01  -5.8560199e-01  -7.9136842e-01
   9.1016412e-02  -1.1254960e-01  -4.4653931e-01   9.7252768e-01  -1.0059755e+00  -2.8097895e-01   6.6449529e-01   4.0518653e-01  -1.4037359e+00   4.0828997e-01
   1.2205975e-01  -1.4993241e+00  -1.1807942e+00  -5.7961828e-01   5.5700725e-01   1.4603469e-01  -3.4488738e-01  -2.5944394e-01  -5.1271763e-02  -6.9744223e-01
  -1.1034596e+00   5.5934197e-01  -3.0321008e-01  -9.6551263e-01  -1.2056255e+00  -2.3937893e-01   7.3881888e-01  -5.3810704e-01  -1.9726695e-01  -2.4535765e-01
  -7.0876408e-01  -4.9865347e-01  -4.8736465e-01   1.8133473e-01  -7.0253885e-01  -2.7224287e-02  -1.4911159e+00  -9.0543532e-01  -6.6135681e-01  -6.0475618e-02
   1.3937825e+00   1.1966127e+00   2.9605994e-01  -6.4679074e-01   3.8733485e-01   2.6806337e-01   6.8314064e-01   1.4670203e-02  -6.3036180e-01   1.8264554e-01
   1.1623222e+00  -5.1050478e-01   3.7758228e-01   3.2890481e-01  -1.1188327e+00   1.0404147e+00  -1.8200792e-01  -2.1687944e-01   6.8240720e-03   8.5040355e-01
   5.5244648e-01   1.1977585e-01  -9.1354847e-01  -1.5857242e-02  -7.1809691e-01   3.6739433e-01   1.6415079e+00  -3.7902156e-01   3.1965747e-01   5.0458562e-01
   6.9982868e-01   3.8295904e-01   3.5907248e-01   1.1965322e+00   4.2270753e-01  -2.4128181e-01  -8.1209189e-01   1.1926163e+00  -6.8126917e-01  -1.4179848e-01
   3.5073170e-01   1.4041731e+00   1.7110181e-01   1.1093488e+00  -9.6055174e-01  -3.7140739e-01   4.1811389e-01  -3.6182947e-02  -3.4333956e-01  -5.3920448e-01
   9.5042616e-02  -5.7341146e-01  -1.1050934e+00   1.3237926e-01  -5.6722903e-01  -8.9398515e-01   2.0140232e-01  -1.3161422e-01  -1.4698793e+00  -2.8986618e-01
  -4.3715146e-01  -2.3487028e-01   1.1601489e-01   5.1166639e-02  -1.4832996e+00  -1.2473432e+00   3.7982032e-01   1.3184199e-01   2.5591365e-01  -8.6860627e-01
  -3.0554989e-01  -3.3843276e-01  -1.3434011e+00   3.2722827e-02   1.0328019e+00  -8.2058167e-01   5.6012094e-01  -5.9386563e-01   5.8729583e-01  -4.8470962e-01
   5.5726218e-01   1.2198532e-01   5.2939296e-01  -1.3715814e+00   4.9393189e-01  -4.7772104e-01   3.3956790e-01  -8.8700336e-01   1.0237739e+00   3.0117381e-01
   6.2085360e-01  -1.2578781e+00  -2.2798607e-01   2.3006684e-01  -1.1991205e+00  -9.5772153e-01   3.6157757e-01  -5.7575715e-01  -8.1493132e-02  -3.2152545e-01
   3.6522236e-02   2.5995153e-01   3.1824309e-01   1.2673684e+00  -1.4533024e+00  -7.6953924e-01  -6.2988199e-02  -8.9108124e-02   4.2330105e-02   7.1106339e-01
   2.5168821e-01   2.6176360e-02  -1.0494119e+00  -6.6362597e-02   1.1622109e-01   2.4568382e-01   3.0416679e-01   8.7393272e-01  -1.5236949e+00  -7.6059765e-01
   2.6570538e-01  -3.4461072e-01  -2.5894409e-01   1.2671396e+00  -7.3797935e-01   1.2115879e+00   3.0931878e-01   8.1940883e-01   1.3651145e-01  -5.8279139e-01
   8.7570739e-01  -3.7639943e-01  -7.3970747e-01   3.0321422e-01  -9.4423389e-01  -2.4485016e-01   9.7535068e-01  -5.1491565e-01   4.9378726e-01  -1.0200747e+00
  -8.8040990e-01   2.0096610e-01  -7.3712587e-01   1.4489753e+00  -5.0731051e-01   3.5274941e-01   3.7665898e-01  -4.7453597e-01  -6.7330533e-01   5.8259326e-01
  -2.2627461e-01   8.7818235e-01  -1.4783487e+00   9.2963749e-01   4.1882226e-01   2.2250046e-01  -7.5624847e-01   3.1432095e-01  -4.5206234e-01  -1.6693141e-01
  -6.5245426e-01  -4.3291804e-01  -1.1490574e+00  -1.0925474e+00   1.9142398e-01  -1.0866191e+00   6.8193957e-02   9.6095130e-03   1.4062606e-01  -7.9434925e-01
  -2.4640290e-01   6.7727852e-01  -7.9851240e-01   3.8582608e-01  -1.4824557e+00   4.4343171e-01   8.4686440e-01  -6.7657292e-01  -2.7983430e-01   2.1575910e-01
  -6.2937981e-01   5.7007664e-01  -1.1615796e+00  -7.7141273e-01   5.3982216e-01   6.2916821e-01   5.1562965e-01  -6.0890496e-02   4.5901838e-01  -1.0802813e+00
   4.8650676e-01   3.0816600e-01   6.3180551e-03  -1.3847502e+00   4.9918804e-01   4.9759430e-01   6.9388992e-01   3.2976511e-01   1.2871273e+00  -8.4009714e-02
  -1.6026466e-01  -4.0477377e-01  -1.5149698e+00   1.2817470e-02  -4.4599742e-01   1.2213656e+00   8.1665570e-01   2.5444108e-01   2.9651502e-01  -7.0282005e-02
   3.1816131e-01  -5.4420716e-01  -1.6816587e+00   1.1261616e+00  -3.8895670e-01   3.1265485e-01  -4.2350343e-01  -2.7285203e-01   5.0545402e-02   3.1580906e-02
   4.1880423e-01   1.3692640e-01   3.8058731e-01  -4.9979681e-01  -1.4211304e+00  -7.3162621e-01  -7.1016902e-01  -3.5544664e-01   1.0444614e+00  -3.6706993e-01
   9.5517808e-01  -5.5621314e-01  -3.0176723e-01   1.1026479e+00  -1.0083576e+00  -8.9012003e-01  -7.9534692e-01   1.6932257e-02  -1.6979931e-01   2.3931969e-02
  -2.9672498e-01   7.8190917e-01   3.7160762e-02   1.6900945e-01   5.9218174e-01  -2.7900842e-01  -5.9845918e-01   4.7761041e-01  -1.7376741e+00  -4.8613364e-01
   2.9721472e-01   4.9441063e-01  -1.3250949e+00  -2.9430839e-01  -3.5642582e-01   7.9630756e-01   7.8450823e-01  -9.4499230e-01   2.7226660e-01  -6.9353449e-01
  -2.0939201e-01   2.8417341e-02  -1.4196575e+00   9.3198591e-01   5.3989280e-02  -1.2595290e+00  -3.7598926e-01  -5.5798978e-01  -1.6979824e-01  -2.1021780e-02
   1.0639362e+00   3.1298575e-01  -8.3204083e-02   5.2916175e-01  -1.3893701e+00  -4.9446189e-01   4.2575803e-01  -5.3426427e-01  -8.9090961e-01  -2.1880336e-01
  -5.3406394e-01   3.3335844e-01  -4.4603354e-01  -3.0725586e-01   2.1660033e-01   1.9401602e+00  -3.0882943e-01   7.5528830e-02   6.5655716e-02  -6.2750965e-01
   4.9419671e-01  -8.5552633e-01  -8.2302737e-01  -9.1818374e-01   3.8582510e-01   1.0290394e+00   9.1593784e-01  -5.8980602e-01   2.9297945e-01  -1.5157467e-01
   5.8969921e-01   1.0110984e+00  -3.2412738e-01   3.2410574e-01  -1.5903394e-01  -1.5586329e-01   2.6424840e-01  -5.4606271e-01  -1.6775423e+00   4.3368968e-01
  -1.7956550e-01   5.7244104e-01  -1.1165649e+00   1.1629147e-02  -5.4902118e-01  -4.0384144e-01   1.3648120e+00  -4.1355857e-01  -9.4416702e-01  -5.9239924e-02
   7.2460800e-01   1.5231836e+00   2.5419158e-01   7.4129122e-01  -3.9299735e-01   1.5803419e-01  -7.3799568e-01  -7.2640741e-01   5.2794963e-01   1.0134526e-01
   4.1069325e-02  -1.1533498e-01  -7.9736596e-01   6.8936616e-01  -1.4419554e+00  -7.1097904e-01  -3.3316350e-01  -7.4537712e-01   3.0098322e-01  -7.2944540e-01
   1.2923392e+00   9.7937399e-01  -3.4047765e-01   2.7611312e-01  -3.2339230e-01  -1.9094531e-01  -2.6481098e-01  -1.1953337e+00  -4.2497018e-01  -5.9827453e-01
   1.7747942e+00   9.4184989e-01  -5.8934581e-01   4.1776112e-01  -2.1421376e-01   5.3554440e-01   3.2417327e-01   5.2278787e-02   1.6894327e-02   1.9234786e-02
   6.7856908e-01   1.8332197e-01  -8.5854244e-01   5.8908725e-01  -1.3756799e+00   9.4762576e-01  -3.1280029e-01  -2.5429976e-01   8.6903870e-02  -6.7916441e-01
  -1.1437137e+00   2.7376705e-01  -7.4051464e-01   5.9891230e-01   7.1429324e-01   2.1403868e-01  -4.0783942e-01   9.6405476e-02  -1.0530674e+00  -9.3236643e-01
   8.4685594e-01  -3.2821187e-01   7.3298013e-01   2.5535500e-01  -6.5127289e-01   1.0244913e+00  -9.3818951e-01   3.2736582e-01  -7.9958624e-01  -6.8716848e-01
   1.3181649e-01   3.5852319e-01  -1.6961119e+00   4.8913500e-01  -2.2914399e-01  -3.1782427e-01   9.1087677e-02  -5.3101116e-01  -1.7744815e-01  -1.1237259e+00
  -3.5997543e-01   7.4711525e-01  -1.3158490e-01  -9.9411857e-01   2.8643617e-01   7.7361166e-01  -7.8268123e-01  -6.8591945e-02   6.3548811e-02  -1.4159083e+00
   2.3205178e-02  -4.8851383e-01  -5.3271168e-01   1.1073662e+00  -1.2104117e+00   1.0706888e+00   4.3557310e-01  -5.3849733e-01   2.5797018e-01   3.0504245e-01
   1.7269938e-01  -4.1579977e-01  -4.5112687e-01  -2.2517535e-01  -1.2520384e+00   1.5385739e+00   4.6544674e-01  -2.4791905e-01  -5.0833535e-01  -2.6785609e-01
  -4.8898205e-01  -1.8015265e-01   5.5356061e-01  -1.2269344e+00   4.8994008e-01  -7.6610452e-01   1.3929780e+00  -3.1479639e-01   2.1748197e-01   5.3880569e-02
   9.4635957e-01  -6.4870423e-01  -5.5093670e-01   2.0522878e-01  -5.7515484e-01   5.5393809e-01  -1.3232502e+00  -8.8974518e-01  -3.6642298e-01  -1.5291542e-01
  -1.5019220e+00   1.3011333e-01  -7.8079760e-01   4.3229297e-01  -7.6033175e-01  -6.7327654e-01   7.2519392e-01  -1.9719546e-01  -5.2672613e-01  -2.3904203e-01
  -1.2874435e-01   5.9573603e-01  -7.3187709e-01   3.6970490e-01   9.8575521e-01  -4.3919578e-01  -1.0763747e+00  -1.1549394e+00   5.4052693e-01  -8.3391584e-02
   1.3208744e-01  -9.6217984e-01  -1.2074842e+00   6.5584469e-01   2.6187247e-01   5.9653586e-01   1.1524123e+00  -3.3018923e-01  -3.7106314e-01   4.1159770e-01
  -3.5474959e-01   1.0482344e-01  -1.5076003e+00  -2.1394563e-01   6.1810201e-01   4.4827220e-01  -7.7046625e-02  -1.3382936e+00   3.8101643e-01   1.3926934e-01
  -1.4888695e-01   9.2137480e-01   1.3796636e-01  -4.2585328e-01  -2.2645323e-01   1.9776994e-01  -1.6582781e-01  -1.0905061e+00  -5.0977546e-01   1.5367332e+00
  -8.8027048e-01   5.7187551e-01  -9.7039348e-01  -2.9189381e-01  -5.5112821e-01   6.9244677e-01   5.5883503e-01  -4.3846521e-01  -6.6046494e-01  -1.0710880e+00
   9.9061894e-01  -1.1831384e+00  -9.0562038e-02   8.5248107e-01  -6.0090405e-01   1.0309693e+00  -2.0822628e-01  -4.9078682e-01   1.1548883e-01  -4.0296614e-01
   1.0140965e+00  -1.2256029e+00   8.0191445e-01   3.8051224e-01  -9.7291481e-01   3.9359406e-02   6.5053338e-01   4.9691308e-01   3.6878504e-02  -2.4911967e-01
   8.3129756e-02  -1.4987878e+00  -2.7558199e-01   1.2564420e+00  -4.8214847e-01   1.0523478e-01  -8.3212131e-01  -2.3540416e-01  -2.9893291e-01  -1.0672326e-01
   1.7615163e-01   1.3180161e-01  -8.7601137e-01  -8.0912828e-01   9.6471137e-01  -2.2068053e-01   6.0622519e-01   1.8634507e-02  -1.4757614e+00   6.6469222e-02
  -3.4773067e-01   5.1145059e-01   1.7536490e-01  -1.1838779e+00  -1.0850748e+00   4.0427941e-01  -3.6686592e-02  -3.5404572e-01  -6.9291222e-01  -1.1124438e+00
  -8.2959098e-01   9.3731558e-01  -5.4192066e-01   5.1309496e-01  -4.2505443e-01   1.2019072e+00  -6.2785590e-01  -3.5186198e-01  -7.3161221e-01  -4.4469798e-01
  -5.3538811e-01   5.5191433e-01  -5.3991193e-01  -4.0259290e-02  -4.8242134e-01   9.1145331e-01   1.6941649e+00   2.0783192e-01  -3.6031607e-01  -9.4498776e-02
   2.0246607e-01  -1.5336115e+00   3.0744576e-01  -1.6525891e-01  -7.7207422e-01   1.0732371e+00  -1.6460503e-02   1.0887901e-01  -8.4442329e-01   1.0998592e-01
   8.2077360e-01   7.5509477e-01  -2.2599748e-01   6.5528119e-01  -5.6195128e-01   1.4185057e+00  -3.7617132e-01   5.9416193e-01  -2.4437413e-01   6.2729204e-01
   7.5056785e-01   8.2877427e-01  -6.7457175e-01  -3.3278582e-01   3.8033160e-03   1.3715582e+00  -1.2111759e-01  -5.1919389e-01  -6.7050689e-01   7.5431454e-01
  -7.1270901e-01  -3.0039671e-01   8.1994139e-02  -2.4358551e-01  -1.1611717e+00   1.2306373e+00   3.2803550e-01  -3.1062779e-01   8.9376318e-01   6.8560469e-01
   1.0276811e+00   9.0149242e-01  -5.1735276e-01  -1.1965034e-01   7.1819746e-01  -7.7399433e-01  -6.7472166e-01  -5.2132243e-01  -3.5394239e-01   9.3916756e-01
   1.6054955e-01   3.2077974e-01  -5.5243212e-01   4.8473496e-02  -1.9426338e-01   2.6466238e-01  -1.8134016e+00  -2.1621117e-03  -4.3521568e-01  -9.8902309e-01
   9.3004018e-01   5.9388494e-01  -1.0220525e+00  -7.9921240e-01   2.2965647e-01   1.0957150e+00   4.2400539e-01   5.4843837e-01  -2.4390626e-01  -5.5281597e-01
   6.6751480e-01  -5.0851554e-01  -6.0923719e-01  -6.6569692e-01   9.9681193e-01  -1.5299098e-01  -8.3349210e-01  -5.7205960e-02  -1.0587014e+00   8.0351937e-01
  -3.3293489e-01  -1.4584880e-01  -1.6086130e+00   1.0122404e+00   7.9192591e-01  -2.4374376e-01   1.6960303e-01   2.0817022e-01   3.6129257e-01   6.0533077e-01
  -7.5798410e-01  -9.8125279e-01  -7.1466023e-01  -5.2561134e-01  -2.1991128e-01  -6.4217664e-02   9.3841928e-01  -8.8283873e-01  -7.3699218e-01   6.4801168e-01
  -3.3443689e-01   1.0100757e+00  -9.7056085e-01   7.8703910e-01   2.0722270e-01  -1.2663890e+00   7.8587687e-01   1.8523909e-01  -1.3482304e-02  -8.7746814e-02
   3.3169934e-01   5.3694636e-01  -8.9872164e-01   7.5547409e-01   7.5480807e-01  -3.6878839e-01  -7.6324105e-01  -8.5066873e-01  -1.1005269e+00   1.2182527e-02
   6.3566881e-01   1.3685277e+00  -1.1076999e+00   3.9015734e-01   7.9834408e-01   5.7987702e-01   5.6015331e-01   1.0994653e-01  -1.4592382e-01  -1.5189256e-01
  -1.2738338e+00   5.8598876e-01  -1.2569475e+00  -1.4280068e-02   2.5224528e-01  -5.6284565e-01  -7.3373648e-03  -8.8067627e-01   1.1292569e-01  -5.3387636e-01
   9.8381437e-02   4.5289895e-01  -1.2718092e-01  -1.4895341e+00  -1.3903753e-01   5.4756963e-01  -3.5166547e-01  -1.3802493e+00   1.9991842e-01   4.0302426e-01
  -1.0667476e-01   1.7474978e-01   2.0741345e-01  -5.7153440e-01  -8.3504498e-01  -6.4971030e-01  -2.4272092e-01  -3.1419668e-01  -1.7984906e+00  -2.7710420e-01
   2.9025975e-01   1.7721036e-01   1.5398967e-02  -3.0256170e-01  -9.7364552e-02   8.7365639e-01   3.8670042e-01  -2.8983188e-01  -1.9148585e+00  -3.4581417e-01
   1.0100715e+00  -1.5139565e-01   1.0478659e+00   1.4813174e-01  -1.3256061e+00  -6.4947915e-01  -2.5257471e-01   2.1415104e-01  -1.7737508e-01  -7.1881676e-01
   1.8411429e-01  -8.4600115e-01   7.5475532e-01  -8.5316229e-01  -1.9386169e-01   8.0288577e-01   2.7332318e-01  -3.8919771e-01  -1.0438075e+00  -9.7720003e-01
   2.9204860e-01   5.6124203e-02   1.1297329e-01  -1.1125261e-01  -9.0531087e-01  -1.3679111e+00   7.3479021e-01  -1.1228795e+00   5.8592546e-01  -2.2707920e-01
  -2.4350652e-01   2.3379646e-02  -1.3906454e+00  -1.6556460e-01  -4.7418788e-01   6.2751418e-01  -8.1529766e-01  -9.4760102e-01  -4.0311012e-01  -7.9691154e-01
  -5.9087777e-01   8.1284708e-01  -5.7914072e-01   8.5747808e-01  -4.7865266e-01  -9.4205037e-02   5.8177692e-01   2.4117242e-01  -1.3345158e+00  -7.0987791e-01
  -1.5954423e+00  -2.0335642e-01   5.2071708e-01  -5.2282906e-01  -6.7145723e-01  -9.0131290e-02   2.9819754e-01  -7.3103827e-01  -7.4918509e-01   4.7446609e-01
   3.0211812e-01   1.5512520e-01  -4.9620694e-01  -3.2814416e-01  -3.0744359e-01   1.9880090e-02  -9.1316634e-01  -1.3100349e+00  -1.3731493e+00   1.5493894e-02
   6.4126062e-01  -5.5248640e-02   1.0616381e+00  -8.7879086e-01  -5.1503658e-01  -6.6089851e-01   9.0342104e-01  -3.8591856e-01  -9.7164428e-01  -2.7411371e-01
   6.8987143e-01   8.4793645e-01  -1.0185876e+00   1.0482032e+00  -7.8376269e-01  -2.8796536e-01   1.7188016e-02  -4.6639466e-01   8.4784418e-01  -1.8698531e-01
   1.4072086e+00  -1.1736187e-01  -4.2325940e-02  -7.3093842e-03  -1.3065873e+00   1.4790155e-01  -9.7394206e-02  -1.0577675e+00   3.3919534e-01  -1.7801435e-01
  -5.0916338e-01  -4.8086566e-01  -1.5602281e+00  -5.4351997e-02  -3.8448143e-01  -6.3559359e-01  -3.6654836e-01  -6.7409939e-01   8.1321293e-01  -5.1996744e-01
  -1.9252112e-02  -3.6269955e-02  -4.2460737e-01  -1.4725778e-01  -9.4362539e-01   8.3916759e-01   1.1972879e+00  -3.2058265e-02   8.2130957e-01  -1.0452898e+00
   1.0930789e+00   5.9749234e-01   2.6435137e-01   5.0418653e-02   8.1660338e-02  -1.4037226e+00   4.5127660e-01  -4.5827478e-01  -9.5178080e-01  -2.8124562e-01
   1.1801070e+00  -3.9930079e-02  -8.3730817e-01   1.2539694e+00  -2.4425656e-01   1.9154896e-01   9.8452318e-01   4.0065119e-01   2.6391420e-01  -1.9083591e-01
   1.5812726e+00  -9.0154923e-02  -7.7667421e-01  -3.4453714e-01  -2.7001435e-01  -5.1881331e-01  -2.1820474e-01  -2.4109305e-01  -1.0507690e+00   4.6646637e-01
   2.1848530e-01   5.8142453e-01  -5.4295975e-01  -1.4394671e-01  -7.8584737e-01  -1.6954349e-01   2.9805112e-01  -1.8601940e+00   1.5457667e-01  -2.8166026e-01
   7.4356979e-01   5.1894337e-01   2.3510903e-01  -1.6593057e-01  -2.3213011e-01   1.3894466e+00   2.4071263e-01   1.0750226e+00  -8.7744337e-01  -3.5640350e-01
   3.3526766e-01   1.4928958e+00  -2.0435180e-01  -4.7005525e-01  -4.4914615e-01   1.1552963e-01   9.9677408e-01  -1.0011019e+00   1.5766001e-01   4.0055797e-01
