  -1.3436483e+00   2.1013799e-01   7.4149597e-01   9.6968108e-01   1.7180797e-01  -1.1801838e+00  -1.7032875e-01  -9.3850428e-01  -1.0158168e-01  -1.1548594e-01   3.2936230e-01   4.4279248e-01
  -5.3402579e-01   4.8170808e-01  -6.8414980e-01   1.3813338e-01   6.5867245e-01  -2.0348407e-01   4.1952103e-01  -1.2330141e+00  -1.3084695e+00   4.5977113e-01   7.5133836e-01  -5.7971030e-01
   3.4629318e-01  -3.3822814e-01   6.8054521e-01  -8.7639606e-01  -5.4159558e-01  -8.4061140e-01   1.0530406e+00   1.3913190e+00  -5.9297293e-01  -3.2219988e-01   5.5923350e-02  -1.7690969e-01
  -1.1585660e+00   5.9305459e-02  -4.2109005e-02   7.2033548e-01   1.8132651e-01   5.7735974e-01  -1.0290753e+00   6.2541598e-01  -8.1922138e-01   1.6340975e-02  -4.3031713e-01  -1.2085621e+00
   4.1709179e-01  -1.5390507e+00   2.9401535e-01  -1.1775746e+00  -7.4201727e-01  -2.2115305e-01  -9.6357220e-01  -1.3943514e-01   4.2636313e-02   2.7598742e-01  -3.5713163e-01  -4.8092362e-01
  -5.2307081e-01  -8.8553178e-01   8.3212334e-01  -5.5947441e-01   1.0123774e+00  -2.9653236e-01  -7.8917712e-01   8.8071305e-01  -4.3095407e-01  -6.2567866e-01  -4.0771785e-01   8.2587212e-01
  -9.0050155e-01  -9.7706878e-01  -1.3189899e+00   1.9302906e-01   8.7509386e-02   5.2305919e-01  -7.0748383e-01   2.0800190e-02  -8.4130859e-01   2.4030259e-01   2.0798406e-01   9.3081778e-01
   3.4305951e-01  -2.8556934e-01  -3.0691606e-01   9.4136757e-01  -1.3950461e+00   2.3324439e-01  -1.3902808e+00   1.0810775e-01   3.6614642e-01   2.3795154e-02   7.1468824e-01   4.7943348e-01
  -5.7560468e-01  -1.0297496e+00   1.2161688e+00  -5.7279664e-01   5.7399714e-01   1.9505800e-01   1.3913746e-01  -1.1375341e+00  -2.3158564e-01   8.4530586e-01   5.8337295e-01  -1.0849559e-01
   6.9413805e-01  -2.1403988e-01  -1.8092574e-01  -1.3126540e+00   1.3826293e+00  -1.6376415e-01  -7.1188557e-01  -4.0775411e-02  -7.1523613e-01   3.7111041e-01   5.7384735e-01  -5.3949261e-01
  -7.0371735e-01   6.0274780e-01   9.8249668e-01  -8.7839627e-01  -3.7644380e-01  -9.1284871e-01   4.1811907e-01   1.2448832e-01   4.7163811e-01   1.1544539e+00  -4.5774296e-01   6.8886799e-01
   3.1900078e-01  -1.4548185e-01   8.8712931e-02   2.9287213e-01   8.2577884e-01  -1.7348295e+00   6.6298473e-01   4.7689655e-01   3.6895475e-01   9.1395915e-01   4.1188008e-01  -5.3274077e-01
  -5.5255437e-01  -4.3164122e-01  -3.8523817e-01   1.5127556e-01   1.1382340e-01  -3.7775955e-01  -1.6658665e-01  -1.5675205e-01   1.7028861e+00   1.0535966e+00   7.9809374e-01   6.9444680e-01
  -5.0010478e-01   3.5719812e-01  -9.2709249e-01  -1.1183156e+00   9.9735188e-01  -9.8032251e-02  -1.7796540e-01  -6.5170079e-01   2.6867056e-01  -4.8113623e-01  -4.0473306e-01   1.2585640e+00
  -4.8492491e-01  -1.0413709e+00  -2.3975512e-01   1.5429792e-01  -1.4945256e+00  -4.6955830e-01   7.1936864e-01  -9.4001305e-01  -7.4027759e-01   3.7036914e-01   9.0311496e-03  -2.4214020e-01
   4.5731455e-01  -2.0976028e-01   2.0356974e-01   1.0619924e+00  -1.1723084e-02  -9.4912314e-01  -7.9204416e-01  -2.7144238e-01  -2.7809802e-02  -6.7617649e-01  -1.3554659e+00  -8.2482278e-01
