  -6.1744821e-01   2.9285371e-01  -1.1441409e-01  -6.2277025e-01  -3.8212365e-01  -1.7855033e-01  -1.8704977e+00  -1.2987412e+00  -2.0685454e-01   1.0155730e-01  -6.0555393e-01  -6.9065765e-02   4.8720232e-01   3.2670727e-01
   1.1246984e-02   3.1630355e-01   3.4040689e-01  -4.7584555e-01   8.9244092e-01  -9.6103388e-01   1.0289513e+00   1.0486395e+00   4.3761906e-01  -2.4949996e-01  -6.2983704e-01  -2.3650655e-01  -1.4729580e-01   1.3967859e+00
   5.8427322e-01  -1.2759929e+00   5.9507525e-01   6.2580305e-01   4.3978623e-01  -6.5735304e-01  -1.0116421e+00   4.0918425e-01  -7.0549381e-01  -1.6872030e-01  -1.0050964e-01   1.0994235e+00  -8.4997982e-01  -2.9293809e-02
  -1.0710988e+00  -6.0280263e-01   2.2379436e-01   2.8780499e-01   4.7273916e-01   6.4465964e-01  -4.3198669e-01   1.6558123e+00  -3.7148300e-01  -1.5385687e-01   6.1154854e-01  -9.9951321e-01  -3.5155144e-01   3.6164445e-01
   6.9637674e-01   9.7996950e-01  -9.4346851e-01   1.5290762e-01   1.0071481e-02   2.2879654e-01   1.1333557e+00   1.0290405e+00   5.7664728e-01   8.7192219e-01  -2.8428718e-01  -9.6503931e-01  -3.2371914e-01   1.8881536e-01
  -9.4937928e-02  -7.1192074e-01  -1.0014144e+00  -1.1195827e-01  -6.8559867e-01  -6.9707698e-01   5.9153002e-02  -7.5660622e-01   8.5083228e-01   8.8070011e-01   1.1012335e+00  -7.5214726e-01  -8.1024653e-01   4.8861127e-02
  -1.0527209e+00   4.3374830e-01   8.3121246e-01  -1.0269227e+00   5.7648402e-01   1.8842320e-01  -1.2207844e+00   6.8885410e-01   8.8238180e-01   4.5567724e-01   1.7682765e-02  -4.8294562e-01  -5.1392621e-01   3.7626421e-01
   4.0312734e-01  -8.0787343e-01   9.0297204e-01  -5.8361351e-01   5.4059577e-01   8.2209605e-01  -4.9536043e-01   1.8522099e-01  -5.2378720e-01  -6.8783867e-01   1.3887802e+00  -7.2626007e-01   3.6607888e-01   6.6591096e-01
  -7.7793336e-01  -7.8291488e-01  -1.8110251e-01   1.1323624e+00   6.5506011e-01  -4.8618582e-01  -1.5377113e-01   8.0717838e-01  -8.0047287e-02   7.3890036e-01  -1.2587922e+00   8.5693866e-01  -1.3846771e-01  -4.8549110e-01
  -7.5111854e-01   6.0204685e-01  -5.7559407e-01   4.5574176e-01   7.7309394e-01   1.3705848e-01  -8.3352995e-01   6.6273415e-01   1.0845860e+00   4.7161806e-01   1.4366854e+00   1.4321406e-01  -5.1601171e-01   1.8522832e-01
  -5.5334091e-01  -6.0760063e-01   5.0409579e-01   1.9303963e-01   7.5104976e-01  -1.1812985e+00  -1.0561276e-01   3.5830814e-01   1.1495136e+00   1.6597657e-01   1.0398662e+00  -8.1761318e-01  -4.1428262e-01   8.1474292e-01
   9.1701782e-01   1.5349425e-01   4.8477241e-01   1.7726071e-01   7.6248372e-01  -1.4359607e+00  -8.5323252e-02   1.0834969e+00  -3.4300855e-01   1.6288343e-01  -3.1795272e-01   5.3938717e-01   1.1565262e+00   4.1317225e-01
  -1.4843843e+00  -1.2622847e-01  -8.9127249e-01  -1.0321032e+00   3.2427531e-01  -1.1287612e+00  -4.1469124e-01   7.6760119e-01   4.7319046e-01   3.6087000e-01  -3.6320898e-01   3.1938109e-01   3.2988468e-01   2.8938505e-01
  -7.3277074e-01   2.8532657e-01  -8.1796545e-01  -1.1894439e-01   1.8412771e+00  -3.2662153e-01  -2.5623462e-01   9.1567343e-01  -2.7480796e-01  -4.5696971e-01   3.4674756e-02   7.0565695e-01  -7.1610951e-01  -3.1865213e-02
   8.5329455e-01   5.8276778e-01  -2.7782282e-01   3.8072163e-01  -2.2813793e-01   2.5826612e-01  -3.6933953e-01   1.0353589e-01  -9.2048424e-01  -3.3037372e-02  -1.4814366e+00  -5.7451886e-01  -1.3036728e+00  -6.0957736e-01
  -8.6159170e-01   7.7250552e-01   8.9920175e-01   3.2147607e-01  -8.5574669e-01  -5.1235878e-01  -5.2498931e-01  -1.9649118e-01  -4.7263530e-01   9.4339669e-01  -1.2922846e+00   7.1150355e-02  -3.9441940e-01   7.0422786e-01
  -3.4360030e-01  -3.8301516e-02   5.2528644e-01  -4.4439241e-01   6.2593889e-01   8.6976305e-02   3.9981174e-01   5.7793826e-01  -1.9383531e-02  -2.2494560e-01   2.0300319e+00  -5.3700042e-01  -9.0532756e-01  -4.8357150e-01
  -6.2070977e-02   5.6963116e-01   8.2603556e-01  -9.7817206e-01  -1.0753461e-02   2.7163431e-01  -3.7581721e-01   6.6464126e-01   1.6049175e-01   4.9243265e-01  -6.5221828e-01   1.2404977e+00  -1.4441561e+00  -2.3993431e-01
   4.6623763e-01  -1.0139732e+00   7.0350349e-01  -1.2600583e+00   7.8972995e-01   7.2643012e-01  -1.8323591e-01   4.5165348e-01   7.2116029e-01  -3.3807963e-01  -6.3202538e-02  -1.0567915e-01  -8.4333086e-01  -9.6027917e-01
   1.1590323e+00   1.3392484e-01  -1.3241942e+00   2.8876591e-01  -2.4952614e-01   6.9731247e-01  -1.5993626e-01  -7.3696327e-01  -3.7064153e-01   9.3331911e-02   2.7586725e-01  -9.9950409e-01   1.5049823e-01   1.2003258e+00
  -2.4145623e-01   3.2732236e-01   7.1364021e-01   4.1062120e-01   1.2782352e+00  -4.2107669e-01  -5.3956980e-01   2.1488830e-01  -6.8844682e-01  -2.1785748e-01   6.4391690e-01  -1.3701659e+00   5.3410232e-01  -9.5367378e-01
   7.1895218e-01   9.2453204e-02   8.3444342e-02  -5.5503070e-02  -4.4971251e-01  -6.5312612e-01  -1.0292183e-02   1.2982513e+00   1.1441954e+00   1.1058958e+00   9.7766966e-01  -2.6113307e-01  -4.9840403e-01  -5.8780569e-01
   4.6768647e-01  -5.1657915e-01   6.5722954e-01   1.0412578e-01   2.7987903e-01   3.0546755e-01  -1.3174709e+00   1.0858114e+00  -1.3434406e-01   1.6458304e+00   1.7420366e-01  -1.8221313e-01  -4.0118698e-02   4.3965811e-01
   4.8036242e-01  -3.9355826e-01  -5.3190964e-01  -1.4144629e-01  -2.2179832e-01  -2.3762071e-01  -1.2702833e-01   1.1100366e+00   1.2937384e+00  -3.3324412e-01  -5.5042088e-01  -4.2970070e-01   1.6376680e+00   5.5504706e-02
  -5.1183492e-01   9.7949791e-01  -4.0010959e-01  -1.8722687e-02  -4.6191853e-01   1.4326760e+00  -4.2967346e-01  -6.1406052e-01   2.2710118e-01  -1.2045868e-03  -1.0238696e+00  -3.8960126e-01  -3.1881234e-01   1.1988474e+00
   7.6737553e-01  -1.6703147e+00  -2.6224160e-01  -3.3802000e-01   5.8410048e-01   5.9614938e-01   2.3122925e-01   9.1085964e-01  -3.6448094e-01   6.9883054e-01   9.1000485e-01   1.7040470e-01  -3.9213976e-01   4.7573578e-01
   6.9264293e-01   9.1126466e-01  -4.2818919e-01   4.1799501e-01  -1.4746717e+00   6.4482105e-01  -4.1752607e-01  -3.3957499e-01   6.7444396e-01  -6.4477646e-01   3.8971595e-02  -1.0005232e+00  -3.1477007e-01  -6.9240767e-01
  -8.4285831e-01  -1.0060304e+00   4.1995302e-01  -1.3420167e+00   1.7156760e-01  -2.1579908e-01   6.5447968e-01  -3.0881539e-01   7.2931379e-01   6.5863633e-01  -7.0797312e-01  -7.7107960e-01   7.0184714e-01  -3.8252839e-01
  -5.9930295e-01   1.4811592e-01  -1.4107080e+00  -3.4073830e-01  -4.0825647e-01   7.4566674e-01  -1.3263168e+00   3.4033251e-01  -2.3972727e-02  -6.3726610e-01   4.8601654e-01  -2.3208100e-01  -7.1420169e-01   8.4156072e-01
  -6.8715908e-02  -1.2944859e-01  -3.3808768e-02  -7.0361793e-01   3.1253460e-01  -1.0910094e+00   6.7788303e-01  -8.6166441e-01  -5.2855581e-01   1.0275459e-01  -7.3768812e-01   1.5474610e-01  -7.5642186e-01  -1.6006552e+00
  -8.5422355e-01  -5.0821990e-01   5.1489240e-01   4.5549354e-01  -4.5114782e-01   1.0885817e-01  -1.3117067e+00  -2.7171144e-01   2.6541919e-01   4.7542143e-01   9.2193770e-01  -1.3794243e+00  -6.8768585e-01   8.6452685e-02
   9.5667440e-01  -4.0424603e-01  -1.1115745e-01  -7.6499742e-01   5.9047484e-01   7.2954434e-01   1.0335569e+00   1.3905241e-01   7.4097449e-01   8.2846636e-01  -3.7395018e-01  -2.7570286e-01   2.8851029e-01   1.3493786e+00
  -8.8506728e-01   3.3278665e-01   7.1371037e-01  -3.1872445e-01   4.5363000e-01  -3.7960827e-01   9.9926668e-01   5.8977634e-01  -1.1525429e-03   1.4861661e+00   6.5508831e-01  -1.0159994e+00  -2.4602127e-01   2.6091206e-01
   2.8366879e-02  -1.0781094e+00   8.8409925e-01  -1.0572085e+00  -4.8653162e-01   4.9757385e-01   1.2212117e-01  -1.1928149e+00   2.1652296e-01   6.8151182e-01   7.9526591e-01  -5.1418197e-01  -5.3905469e-01   5.6283861e-01
  -1.8998636e+00  -5.9542987e-02   1.0374802e-02  -7.9956040e-02  -1.0560242e+00  -2.9908121e-02  -4.1660762e-01  -8.8803500e-01   5.7015914e-01   2.2584076e-01  -2.0394254e-02  -2.2721155e-01   4.6999145e-01  -8.0821013e-01
   5.5218291e-01   1.7263744e+00   8.2656908e-01  -2.9696679e-01  -3.2282595e-02  -4.9087100e-02  -3.7236762e-01   8.5600281e-01  -7.8616792e-01  -9.0163678e-02  -2.8367105e-01  -8.2642394e-01   5.3140110e-01  -6.2964022e-01
   1.1111248e-01   2.4020226e-01  -1.6860092e-01   1.2125108e+00  -1.0421225e+00   1.4032491e-01  -5.4359305e-01   1.0558271e+00   5.0307143e-01   2.6688591e-01  -2.6066887e-01   4.4390392e-01  -3.8206905e-01  -1.4765126e+00
  -1.0451039e+00   5.1403485e-02   1.3275628e-01   2.3109800e-01  -1.0891197e+00   1.9487284e-01  -1.3704354e-01  -3.4243083e-01   7.2946215e-01  -1.3882426e+00   4.6694553e-01  -6.3631499e-01   9.7144365e-01   6.6926634e-01
   3.2138160e-01  -6.5863073e-01   3.6357498e-01  -9.4912302e-01   1.8663087e-01   9.1562659e-02  -1.7125999e+00   1.0314620e+00  -5.0787961e-01  -5.0221598e-01  -3.7292635e-01  -1.2106263e-01  -6.7929047e-01   5.1423925e-01
   1.7854429e+00  -1.3038647e-01  -2.2803348e-01   7.4605960e-01  -3.0829510e-01  -4.5901775e-01  -6.6213018e-01   6.2453818e-01  -1.1535048e+00   7.1622801e-01   2.6111868e-01  -1.4544889e-01   4.6456642e-02  -3.4253299e-01
   1.0014248e+00  -5.6604117e-01  -6.8053323e-01   6.9044071e-01  -4.6999842e-01   2.0468909e-02  -1.4478810e+00  -3.1410500e-01  -1.7840484e-02  -5.5817932e-01   1.7355250e-01  -3.5164773e-01  -1.3486093e+00   1.9018148e-01
  -7.5198686e-01  -3.1830457e-01   5.7500517e-01   2.8096616e-01   1.1803091e+00   7.9534769e-01   1.7828575e-01   1.0431687e+00   3.1398779e-01   1.0983509e+00   2.3144755e-01   7.6666051e-01  -9.1189933e-01   8.4810685e-03
  -1.2076753e+00  -8.2722470e-02  -7.5604999e-01   4.3604094e-01   4.2097789e-01  -1.0377561e+00  -1.1758039e+00  -4.1969603e-01  -5.6912124e-01   9.4599116e-01   7.3190516e-01   6.7618050e-02  -1.7341825e-01   4.1350487e-01
  -9.4093466e-01   3.2134044e-01   4.2449421e-01  -7.6269466e-01   9.5437206e-03  -8.6490643e-01   5.9926134e-01   6.7449319e-01   9.5942467e-02   2.6481169e-01  -1.3096529e+00  -7.9708600e-01  -1.0578517e+00  -3.7196440e-01
   1.3720400e+00   5.2201110e-01   5.7004732e-01  -7.4120712e-01  -6.5374768e-01   1.1363849e-01  -4.3839419e-01   5.8085161e-01   9.0649712e-01  -8.3349413e-01   1.0053778e-01   1.0754998e+00  -1.6547725e-01   5.3865570e-01
   7.2668064e-01   8.2279898e-02  -1.0454360e+00  -2.6242033e-01  -2.5471428e-01   1.0716465e+00   1.2101098e-02   1.4525634e-01   1.1404333e+00  -2.4665415e-01  -4.8949802e-01  -2.7859828e-01  -1.5374717e+00   1.6230331e-01
  -8.6525130e-01  -8.2207620e-01  -5.8567309e-01   3.2383707e-01   5.5004036e-01   1.7826317e-01   4.5358995e-01   1.7297527e+00  -3.3581462e-02  -3.5248387e-01   4.0981668e-01   7.1719354e-01   5.9497106e-01  -6.5867937e-01
   4.2552647e-01  -7.2397774e-01  -6.9398749e-01  -4.1212898e-01   4.4935715e-01   1.0961345e-01   1.5837787e+00  -2.1234920e-02  -7.8327733e-01   1.1497509e+00   2.9738662e-01  -7.9803616e-01  -4.2346746e-01  -2.8371829e-01
  -1.0531858e-01   3.5746458e-01  -8.5316956e-01  -8.6278163e-02   1.9490772e-01  -7.5457275e-01   1.1005305e+00  -3.0754524e-01   9.0709865e-01  -5.0249338e-01   8.6106807e-02  -1.4628868e+00  -8.3257401e-01  -5.4470617e-01
  -6.2725985e-01  -6.5699297e-01   3.5600179e-01   1.7844367e+00   4.2907051e-03  -4.8391190e-01   5.9925590e-02  -6.1695498e-01   9.3316013e-01  -1.8848929e-01  -3.0157711e-02   1.6769983e-01   6.7126906e-01   9.2713988e-01
  -1.0635177e+00  -8.6685562e-01  -4.3024784e-01  -5.1520747e-01  -7.9539412e-01   2.0954475e-01   7.3496342e-02  -1.8252344e-01  -1.2886063e+00   6.5435159e-01   8.6859107e-01  -5.7217473e-01  -7.0079178e-01   5.3855175e-01
   2.1220019e-01  -4.8222119e-01  -6.7637783e-01   5.7266462e-01  -4.1621384e-01   6.9935665e-02  -9.8808920e-01   9.9329883e-01   1.4678777e+00  -1.1239496e+00   4.8925540e-01   1.5866148e-01  -9.9075370e-02  -3.2190827e-01
   1.6676995e-01   5.3563631e-01  -1.5563847e+00  -1.0789471e+00   8.6132371e-01   6.9949925e-02  -7.0461816e-01   3.1777054e-01   9.4840121e-01  -2.2172285e-03  -8.9494526e-02  -7.0299047e-01  -2.4946916e-01  -5.3914362e-01
  -3.1903577e-01  -1.3716054e-01   1.5201356e+00   1.0019045e+00   4.7484717e-01   9.8381871e-01   1.8473177e-01   4.4163117e-01  -1.2124490e+00  -3.0249998e-01  -2.9961544e-01  -4.2750564e-01  -5.1006299e-01  -2.1909243e-01
  -5.9028947e-01   9.6213974e-02   9.5343268e-01  -8.3854848e-01   1.0631657e-01   2.4298863e-01   6.1298019e-01  -1.8252993e-01  -2.0533985e-01  -9.8648095e-01  -1.0507895e+00  -1.0453397e+00   1.0484613e+00   4.8910251e-01
  -1.0961179e+00   4.4885343e-01   7.3232549e-01  -1.0082240e-01   1.2422469e-01  -4.4790226e-01  -7.6437676e-01  -7.5147432e-01  -8.5522115e-01  -8.7954402e-02  -8.7223643e-01  -1.3219779e+00  -4.6383062e-01  -4.7207683e-01
   3.3199728e-01  -8.2829034e-01  -6.5812290e-01  -8.2882434e-01  -5.8697145e-02   9.1601297e-02  -7.8858531e-01  -4.8718169e-01   5.7787740e-01  -3.1946918e-01  -6.0229945e-01  -1.6765171e+00   6.9010633e-01  -3.5618049e-01
   4.5744529e-01  -5.4574460e-01   9.3880439e-01   3.1469291e-01   7.8940576e-01  -5.1959860e-01   2.6155773e-01   6.1790377e-01  -1.5827208e+00   5.2614188e-01   7.8187090e-01  -5.2612907e-01  -4.3005663e-01   5.6057751e-01
  -3.8041899e-01   8.9071751e-01  -1.2199923e-01  -1.2311625e-01   7.6290119e-01   1.6405848e-01  -1.8786354e-01   4.5524392e-01   1.6511856e-01  -5.4389507e-01  -6.8024421e-01  -1.9240451e+00  -2.0990360e-01   8.0533320e-01
  -1.3607764e+00   4.1677898e-01   1.4934322e-01   1.8401900e-02   7.8275162e-01  -6.6265124e-01   1.2522787e-01   1.1978821e+00  -7.2756898e-01  -1.9897500e-01  -9.8964554e-01  -6.0619944e-01   7.2870284e-01   5.1944222e-02
  -7.0958352e-01   3.0811366e-01   8.5755771e-01  -4.4064695e-01  -6.6279367e-02  -1.7334054e+00  -1.0485407e+00  -4.2585638e-01   6.6142100e-01  -2.8521201e-01  -2.0195417e-01  -1.9758077e-02  -5.1046175e-01   6.0127670e-01
  -4.9571168e-01   2.3104852e-02  -6.7593950e-01  -6.0321325e-01   3.5078973e-01  -1.5055524e+00  -3.2734257e-01  -9.7728592e-01  -1.5291132e-01   3.5591033e-01  -7.6875262e-02  -1.4089900e+00   1.0238671e-01   5.7384109e-01
  -4.4912255e-01   4.8611745e-01   2.5904011e-02   5.1534653e-01  -4.0068978e-01   6.1473125e-01  -3.7361306e-01   8.0166686e-01   1.1370444e+00   1.2148955e+00   2.6984131e-01  -1.2921907e+00   6.7476654e-01  -9.1107503e-02
   8.6317760e-01   3.3217892e-01   1.8601874e-01   1.4172094e+00   9.2117214e-01  -1.2485908e-01  -4.8165348e-01  -9.3761575e-01   2.8501603e-01  -7.8409600e-01   9.0662971e-02  -7.9749709e-01  -2.8302687e-01   8.4016061e-01
  -3.7126049e-01   7.9009157e-01   7.7593738e-01   6.9882423e-02   3.5815784e-01  -6.6193491e-01  -7.9727328e-01  -8.5255051e-01   2.8594029e-01  -3.9507967e-01   1.6702069e+00   6.8451095e-01   3.6435854e-01  -2.7070782e-01
  -1.4389518e+00  -9.6455729e-01   9.2091953e-04   5.6898952e-01  -6.7181522e-01   2.4738392e-01   5.9336966e-01   8.5020578e-01   7.0895523e-01  -6.1421990e-01  -7.7279949e-01   8.4713854e-02  -7.5927818e-01   1.6444486e-01
   1.6887814e-01   1.5010218e-01   2.0654399e+00  -1.0725837e+00  -4.0443298e-01  -2.1850332e-03  -4.8030880e-01  -2.7159460e-02  -5.0836958e-02  -9.0162146e-01  -1.9439653e-01  -2.0758733e-01  -4.1774309e-01  -2.5800803e-01
   5.6874573e-01  -3.0479875e-01  -1.3246180e-01   1.3163030e-01  -1.6402472e+00   5.3874526e-02  -7.9491931e-01   4.2281204e-01  -7.9987787e-02   1.2623590e+00  -7.7511813e-03  -3.5838991e-01  -1.1443559e+00  -8.2284786e-02
  -8.5422862e-01  -2.1934797e-01   8.3506614e-01   5.8803087e-01   4.0711352e-01  -2.9836968e-01   1.0049819e+00   6.7337221e-01  -1.3169986e-01  -1.5662335e+00   2.2037236e-01  -7.1827275e-01  -4.0265728e-02   6.5141922e-01
  -1.0465882e+00  -2.5321376e-01   1.6678058e-01  -1.1599614e-01   5.1032817e-01   1.7385198e+00   9.8755193e-01   1.7897545e-01   2.9241562e-01   5.6875080e-01  -3.3244175e-01  -6.5248370e-01   5.0703353e-01   5.5386722e-01
   8.4542811e-01   1.8468013e-01  -7.6385176e-01  -8.3516285e-02   1.2439772e+00   8.4919280e-01  -3.8688225e-01  -2.7422100e-01  -6.6295668e-02   6.7372119e-01   1.0245162e+00   3.4331135e-02  -1.0880861e+00   6.8860608e-01
  -4.4535939e-02   1.2805679e+00  -7.4994839e-03   9.1128029e-02   9.1483146e-01  -1.0019542e+00  -1.3579375e+00   1.5873383e-01  -7.7258205e-01   1.6666736e-01  -1.1998763e-01  -4.8915657e-01   6.4315355e-01   5.8974916e-01
  -2.2511603e-01  -1.2401137e+00  -1.0113114e+00   9.3523008e-01  -2.1680337e-01  -8.6569494e-01  -5.5439216e-01  -3.6251429e-01   3.8372603e-01  -8.0188490e-02   9.2856169e-02  -1.9072929e-01  -5.4734689e-01  -1.3343810e+00
  -9.4268695e-02  -1.0247711e-01   1.4042883e+00  -2.0831119e-01   7.9520386e-01  -6.4237577e-01  -5.3230822e-01   3.1713727e-01   1.0841992e+00   1.1486163e+00   4.4082958e-01   2.0537525e-01   8.5780358e-01  -2.6291546e-01
   9.9356729e-01  -1.2318970e+00   6.2878656e-01   8.6595640e-02   7.0490998e-01   6.2902778e-01   2.5369206e-01  -3.2721666e-01  -1.2670753e+00  -1.2509994e-01   4.9063918e-01   5.9446615e-01   4.6569777e-01  -7.7217656e-01
   7.0103598e-01   1.2476209e+00   1.0573363e+00  -5.1574928e-01  -1.2494188e-01  -6.4212489e-01   7.6081568e-01  -2.2020163e-02   6.5172225e-01   2.5066271e-01  -1.3425534e+00   2.5767061e-01  -3.6860788e-01   2.6169446e-01
   6.8298560e-01   7.0925051e-01  -1.0512266e-01  -7.0490468e-01   1.0357841e-01  -5.3958231e-01  -6.4896244e-01   1.1108297e+00  -1.1292539e-01   1.0614761e+00  -8.5754329e-01  -4.1933578e-01  -9.2859143e-01   8.0783194e-01
  -1.4703546e+00   5.5398095e-01   9.8891115e-01   6.7156744e-01  -1.0153227e-01   4.7921175e-01   1.6048095e-01   2.7886474e-01   5.1085585e-01  -5.4173553e-01  -2.7465132e-01  -1.2941097e+00   2.8538054e-01  -6.1048871e-01
  -7.3871374e-01   4.9712372e-01   4.8878494e-01   7.6618892e-01  -4.0397188e-01   1.2372765e-01   7.9835379e-01   1.7307103e+00  -4.7192881e-01   7.5122905e-01  -7.5498265e-01   1.0367546e-01  -4.3927535e-01  -9.5988445e-02
   5.9524125e-01  -6.1052120e-01  -3.5624865e-01   1.4728442e-01   3.8558233e-01  -1.7088537e+00   3.9297366e-01   3.2013452e-01   7.7946186e-01   5.1285821e-01  -7.0452905e-01  -3.5708895e-01  -1.1131989e+00  -2.5476763e-01
  -8.2234135e-03   1.5033510e-01  -5.6681752e-01   1.2969593e+00   6.6914719e-01  -4.3077785e-01   1.2965330e-01   2.1272990e-01   8.0506861e-01   1.9115087e-01  -1.2199473e+00  -1.3006910e+00   1.5894304e-01  -6.2333775e-01
   5.0909543e-01   1.0730613e+00   1.2443472e+00   9.1369987e-02   3.0857342e-01   8.3020322e-02  -9.1509086e-01   3.4058642e-02  -2.9068691e-01   7.1693599e-01   8.1597310e-01  -4.7749430e-01  -1.1125655e+00  -6.0153079e-01
  -5.5562615e-01   3.1331646e-01  -2.4718842e-01  -7.0145386e-01   5.6895208e-01  -1.2099884e-01  -4.2863986e-01   4.0877587e-01  -5.6487155e-01   4.6318032e-02   2.7540123e-01  -1.1271614e+00  -1.9191675e+00  -5.2466500e-03
  -4.4810015e-01   3.5615110e-01  -1.1995100e+00  -2.6331883e-02   3.7959719e-01   9.1296750e-01   1.3696369e+00  -2.9192486e-01   5.9173661e-01   4.5902595e-02   8.7997192e-01   2.9090896e-01  -9.9489522e-01   3.0505916e-01
   1.5926919e-03   3.3957809e-01  -3.8370526e-01  -1.0866842e+00  -7.0776325e-01  -4.9063906e-01  -1.7882246e+00   5.4977411e-01   5.4722577e-01   3.8668501e-01   4.1301224e-01   6.9535553e-01  -4.5742536e-01  -5.1006623e-02
  -1.0381155e+00  -7.1360928e-01   9.9946760e-02   2.0141749e-01   1.0107119e-01   2.7162212e-01  -9.8884648e-01  -1.8063357e-02   3.2919267e-01  -7.3590976e-01  -1.7999741e+00  -4.0699795e-01   4.9470496e-01  -1.2768095e-02
  -7.1028817e-01   1.0975631e-01  -1.0478720e-02   1.6710018e-01   2.1977322e-01  -9.1590327e-01  -9.9762672e-01   1.0667274e+00   8.4882706e-01  -1.5342572e-01   9.2729434e-02  -1.1858305e+00  -4.7847202e-01  -1.0233719e+00
  -6.8251121e-01  -1.8322567e-02   9.2274749e-01  -9.1292459e-01   5.0052917e-01  -1.4678683e+00   1.1949806e+00  -5.9268916e-01   4.6329847e-01  -3.5524389e-01   2.7825138e-01  -3.3514428e-01  -3.3391160e-01  -1.4978608e-01
   2.5408095e-01   1.4769747e+00   3.4378484e-01  -5.2559924e-01  -2.1872176e-01   9.1565616e-02  -1.2496012e+00   5.2701004e-02   3.9275911e-01  -7.6017153e-01  -7.5167048e-01  -4.3115753e-01  -1.1206354e+00   1.3847048e-02
   3.1416804e-01  -2.7641374e-01   4.5493212e-01   1.6679106e-02  -3.1819880e-01   4.5866609e-01  -3.2271630e-01   7.2524655e-01   8.8125283e-01   3.6503993e-02   1.0630327e+00   5.2253830e-01  -1.6532657e+00   8.7268901e-01
  -3.1879357e-01   7.0019805e-01  -4.8349929e-01   7.3597181e-01   1.1437718e+00   1.2872028e-02   3.3991256e-01   6.5228379e-01   5.0166190e-01   6.0681629e-01  -2.9906240e-01   1.3691330e+00   6.5108591e-01   8.8062823e-01
  -8.9190429e-01  -8.4847450e-02   1.2115142e+00   3.6343163e-01   4.0191373e-01   8.1239688e-01  -9.4037652e-01   2.3950730e-02   2.4366273e-01  -8.0143356e-01   6.5283346e-01   3.0270115e-01  -1.1892751e+00  -5.0714099e-01
  -5.2443457e-01   5.5228812e-01  -2.1455586e-02  -1.7611214e+00  -1.4349823e-02  -2.0071717e-01  -1.0341477e-01  -1.0667459e+00   6.1625594e-01  -4.5027959e-01  -4.6620181e-01  -8.6590439e-01  -5.5360132e-01  -5.2217734e-01
  -1.3199919e-01  -1.0690703e+00  -1.0885016e+00  -2.5057164e-01   2.4534783e-01  -1.1366085e+00  -7.9866797e-01   1.0620105e+00  -7.2352916e-02  -2.0185202e-01   9.9882686e-01   4.8729300e-01  -4.3668029e-01   4.9518768e-02
  -3.4802788e-01   4.1790485e-01   1.3715340e+00   5.9575617e-01   6.7061818e-01   6.1159998e-01   1.4008207e+00  -2.2346836e-01   9.5073909e-01  -1.8755683e-01  -1.9650377e-01   6.8625379e-01  -4.2637470e-01   4.1777380e-02
   7.9130113e-02   5.6039792e-01   1.4832665e-01  -2.6821280e-01   9.0734977e-01   4.9840036e-01  -1.5075790e+00  -4.0388486e-01  -1.1643225e+00  -8.1128728e-01   5.8196551e-01   7.3160589e-01  -3.6557987e-01   2.3819347e-01
  -6.8052912e-01   5.4885328e-01   1.0586567e+00  -8.6632395e-01  -1.7719026e-01   8.1285608e-01  -2.7135482e-01  -3.2203403e-01  -3.4239578e-01   6.7851448e-01   2.7503112e-01  -1.5625517e+00   5.0396931e-01   3.8221359e-01
   6.7010659e-01   4.6773037e-01  -1.5527009e+00   3.8089767e-01   5.2627170e-01   7.7618074e-01   9.7314847e-01  -7.8531927e-01   4.9962205e-01  -3.5669929e-01  -9.0416175e-01  -3.0143207e-01   1.9276962e-01  -1.0330939e-01
  -4.7160691e-01   5.3970736e-01   6.8745899e-01   1.0802888e-01  -9.0217704e-01   3.8854595e-02   1.4962704e+00  -1.4855981e-01   1.6122904e-01   2.9142702e-01  -1.0609698e-01  -7.0854998e-01   1.6512452e-02   1.5169731e+00
  -1.1709692e-01   9.6569479e-01  -5.5578166e-01   6.1623377e-01   5.3585821e-01   8.3679110e-01  -2.4222946e-01  -6.2716198e-01   1.0371449e+00  -1.4721662e+00   5.1334733e-01   2.9676056e-01  -5.6656653e-01  -1.0090401e-01
   1.5050173e-01  -4.7070971e-01  -2.9556012e-01   6.0973895e-01   3.2189552e-02  -5.8362871e-01  -6.3425732e-01  -9.0253580e-01  -1.8891758e-01   1.5437354e+00   3.4563753e-01  -4.4102702e-01   1.2200253e+00  -7.1895158e-01
  -4.1794142e-01   1.1116842e+00  -4.7836050e-01  -7.7551439e-02   7.5364256e-01   8.1616670e-01   1.0435327e-01   2.2297074e-01  -4.9716407e-01  -2.0404100e-01   1.4304729e+00  -8.5520273e-01   2.4354611e-01   9.6653217e-01
   2.3326404e-02   2.7849060e-01   4.6560082e-01  -8.0663252e-01   1.1069477e+00   8.6407143e-01   4.6150425e-01   1.1385585e+00   1.3403336e+00  -3.8206726e-01  -5.6052726e-02   6.9237494e-01   2.7478230e-01   2.6963589e-01
   6.8316770e-01   1.0680532e+00   4.1585431e-01  -5.2344877e-01   1.1560050e+00  -6.6494012e-01  -1.9098120e-03  -3.8126528e-01   1.2852633e+00   6.2004364e-01   3.6837080e-01  -1.9004869e-01  -3.8452548e-01   8.1591636e-01
  -1.6911854e-01   2.4924003e-01   1.3365095e+00   1.6308810e+00  -3.7013450e-01  -1.5982948e-01   4.6701573e-02   1.1757983e-01   3.2531509e-01   2.8245690e-01  -1.8735176e-01   2.5798625e-01  -1.3591427e+00  -3.8750461e-01
   3.7346208e-01   1.4732348e+00  -3.8104638e-02   2.5039905e-01  -7.0388222e-01   3.5289633e-01   9.9897820e-01   3.4263098e-01   1.5208068e+00  -2.0518392e-01   3.0355951e-01   3.9597955e-01  -5.3074193e-01  -7.0887811e-02
  -2.7542651e-01  -3.0971935e-01  -6.2145442e-01  -5.6437349e-01   3.8860521e-01  -9.5054671e-02  -1.6544165e-02   6.5003890e-01  -6.2235671e-01  -3.6322740e-01  -1.7898751e+00   9.2811161e-01  -9.0633428e-01   3.6724508e-01
   5.0263572e-02  -9.9956226e-01  -5.7253343e-01  -2.4521734e-01   1.4334708e+00   7.1716732e-01  -6.0248025e-02   1.4032106e-01   5.7604516e-01   8.6667037e-01  -6.8875998e-01  -1.0122061e+00  -6.6023511e-01  -1.1319260e-02
  -9.4079679e-01   1.5601057e+00  -1.3588949e-01   2.5892144e-01   7.4095026e-02   6.1981165e-01  -1.2156101e+00  -2.9685497e-01   5.0974607e-02   1.2183289e-01   6.2538731e-01  -7.7096534e-01   1.5052973e-01  -7.8382343e-01
   7.5418651e-01   5.5756360e-01   2.4831221e-01  -4.7470224e-01   2.1041781e-01   1.6214991e+00  -6.0162514e-01   8.1526732e-01  -5.5613685e-01   1.7641802e-01  -7.5277518e-03  -9.3577087e-01  -6.6460681e-01   6.8944782e-01
   6.0530949e-01   9.7670011e-02   6.4819014e-01   1.0753253e+00   2.7110225e-01   3.5001844e-01  -1.0005431e+00   1.1457864e+00   3.7524158e-01  -6.6490358e-01  -1.1810116e+00  -3.7050009e-01   1.6209094e-01   6.2962556e-01
   1.9199947e-01   1.4311613e+00   8.3585250e-01   7.2396082e-01   7.2848314e-01   8.2551163e-01  -6.8071055e-01  -4.6468429e-02   4.6766928e-01   2.8922641e-01  -1.9324954e-01   8.4670448e-01  -6.7147303e-01   7.1201456e-01
   6.1653340e-01   1.9501972e-01  -7.6545018e-01   1.0851542e+00   6.8909448e-01   4.9707809e-01  -3.1493518e-01  -6.4273065e-01  -9.5024800e-01  -1.2083176e+00  -4.7630616e-02  -3.6045423e-01   4.2919058e-01  -9.5118475e-01
  -8.0971390e-01   5.0538975e-01  -1.8161172e-01   4.9439353e-01   9.7733957e-01   7.2966099e-01  -9.6697271e-01  -2.4631630e-01  -9.2386633e-01   9.2503744e-01  -1.0968779e+00   2.8559288e-01   2.5291243e-01   5.1994145e-01
   1.8720086e-01  -1.1736082e-01  -1.1165545e+00  -2.3480606e-01  -5.8155251e-01  -1.9899473e-01   4.2528015e-02   9.4337630e-01   5.1129377e-01  -4.2841887e-01   1.3714765e+00  -1.2816983e+00   4.6615165e-01   4.4025683e-01
   2.2128981e-01   4.8830065e-01   6.4512670e-02   7.1014225e-01  -5.1625556e-01   1.0485387e+00  -2.9484886e-01  -4.7788513e-01  -1.3363363e+00   9.9945897e-01  -6.1590731e-01  -1.0361303e+00   4.3685791e-01  -3.0724832e-01
  -1.2556192e-01  -1.0542958e+00  -2.9817837e-01  -2.2701426e-01   4.5343623e-01  -2.4287740e-02   6.6873349e-02   1.0851822e+00  -1.2859719e+00   3.0935341e-01  -3.5502976e-01  -5.3316933e-01  -8.1165349e-01  -1.2350880e+00
  -1.1732838e+00   1.5873851e+00   1.2363575e+00  -6.6893876e-01  -1.7303921e-01   8.6101942e-02   1.1163688e-01  -5.1349187e-01   4.9305904e-01   5.6841576e-01   1.2025956e-01   3.0853158e-01  -3.5230008e-01  -1.1870062e-01
  -2.8726599e-01   8.3957601e-01   6.6824448e-01   2.5711435e-01   3.2795507e-01   1.1744176e+00   7.0509538e-03  -4.9573091e-01   1.0460290e+00  -1.4408275e-02   7.5912726e-01  -9.5837080e-01  -9.3054205e-01   7.1573770e-01
  -5.5061334e-01  -1.3663865e+00   1.5843983e+00   3.2119092e-01   4.5144716e-01  -3.1149331e-01   1.0898875e-01   1.0156278e-02   9.7143090e-01   9.4214879e-02  -7.7695960e-01  -3.1409562e-01  -4.9341220e-01   7.2009578e-02
   8.1754571e-01  -1.0955977e-02   1.0211738e+00   4.7653997e-01   1.0511943e+00   9.9031174e-01  -1.2947634e+00  -3.9123619e-01  -5.9412789e-01   2.5185791e-01  -6.0492796e-01  -1.8115029e-01   3.0623725e-01  -4.8729077e-01
  -1.4353309e+00  -2.2994503e-01  -1.1220783e+00   7.4146414e-01  -5.7281554e-01  -5.2839708e-01  -1.9794507e-01   1.4468800e-01  -3.2138777e-01  -8.1702745e-01   3.0993691e-01  -1.1610268e+00  -4.3157324e-01  -9.7781703e-02
   1.2422527e-01  -1.0773499e-01  -3.5326251e-01  -6.6173589e-01   6.3397950e-01  -4.4817522e-01   4.0979719e-01   9.0522951e-01   3.2926220e-01   6.0418284e-01  -4.3034625e-01  -6.3669145e-01   7.0094270e-01  -1.8068655e+00
  -8.2679844e-01   5.8323514e-01  -1.5093809e+00   2.8941089e-01   2.6210713e-01  -5.0038320e-01  -8.9713883e-01  -1.8602696e-01   3.9052680e-01  -6.0808492e-01  -4.8826829e-01  -6.6849208e-01   1.0995101e+00   1.9803011e-01
   1.5514499e-01  -8.4918094e-01   2.5825101e-01   6.0180682e-01  -5.8406886e-02  -8.9337283e-01  -9.0619296e-01   2.6673838e-01  -1.8909934e-01   3.5582608e-01  -1.2618494e+00  -1.2129114e+00  -5.6418097e-01   7.6681608e-01
  -9.7283810e-01   6.6547090e-01  -4.6482867e-01   3.8793904e-01   7.1234488e-01  -1.2674177e+00   8.7422436e-01   3.2976165e-01  -4.6672934e-01  -1.3307177e-01   1.2223291e+00  -1.0805309e-01  -3.7169710e-01   6.1474514e-01
   3.3659068e-01  -2.5439933e-01   2.4349856e-01   7.1208549e-01  -8.8635147e-02   1.6824675e-01  -2.6912296e-01  -5.1464629e-01   1.3915116e+00  -9.0880406e-01  -9.8525202e-01   9.7754163e-01  -8.5348463e-01   6.8205869e-01
   3.3452392e-01  -6.1249900e-01   6.5965205e-01   1.1246865e+00  -7.6349504e-02   1.0880320e+00   1.7672841e-01  -1.6565821e-01   2.9652444e-01   3.3853304e-01  -5.2046782e-01  -1.6563634e+00  -3.6729747e-01   4.6118855e-01
