  -7.6046848e-01  -1.9186553e-01  -1.2621571e+00  -1.1379125e+00   2.7610001e-01  -5.7427579e-01   2.7618700e-01  -1.2118928e-01
   1.3060185e+00   1.3586746e-01   9.0163648e-01   1.4939088e-01   5.1611596e-01  -9.3764490e-01  -5.4235405e-01   2.9809564e-02
  -1.7528957e-01  -4.6859750e-01   1.4817809e+00   4.6413711e-01  -4.3191263e-01  -1.0258425e+00   1.2676263e-01   2.8917542e-01
   7.2452104e-01  -2.8220943e-01   5.4966998e-01  -1.0948260e+00  -2.0011689e-01  -5.8622152e-01   4.9964678e-03   1.2291943e+00
  -2.3617133e-01   7.0956594e-01   6.8646467e-01  -7.4141610e-01  -3.5356963e-01   8.3706844e-01   5.6333405e-01   1.1299415e+00
  -6.1836576e-01   6.2086403e-01  -3.2378249e-02  -7.7494055e-01  -1.1262479e+00  -1.6607295e-01   8.6116564e-01  -7.7003235e-01
  -4.3202582e-01  -9.0011472e-01   2.0211601e-01  -1.4806190e+00  -4.1818622e-01  -3.4293134e-02  -7.6786321e-01  -6.6289060e-02
   6.9396839e-02   1.1600462e+00   6.4435613e-01  -5.9477323e-01  -5.6529057e-01  -1.1047256e+00  -5.8338314e-01  -1.4782703e-02
   2.6122770e-01   6.8387514e-01  -5.9217012e-01  -1.8176012e-01   7.8991294e-01  -1.0149179e+00  -4.1691456e-02   1.1935720e+00
   1.1579107e+00   2.0289730e-01   7.8959316e-02  -8.4366959e-01  -6.6909231e-02   5.8733606e-01  -8.0992806e-01  -9.4585323e-01
  -1.0386838e+00   6.3447261e-01   1.1385313e+00   2.2553894e-01   3.9726570e-01  -3.2067505e-01  -4.1283634e-01  -8.6044949e-01
   5.5070180e-01  -2.5584832e-01   8.3677225e-02  -1.3948874e-02  -6.7755753e-01   1.6187974e+00  -5.9293318e-01   4.3921950e-01
   7.3457050e-01  -1.8636100e-01  -7.2726679e-01  -5.5194837e-01  -7.0953834e-01  -1.3158642e+00   5.2404588e-01  -2.8730524e-01
   1.2845824e+00  -1.7433718e-01  -4.4497249e-01   7.9805158e-02   1.0935166e+00  -9.9184304e-02   8.7034363e-01  -3.8983479e-01
   9.7597873e-01   8.9309281e-01  -1.4786482e-01   6.8975466e-01  -1.0585921e+00  -4.4167718e-01  -1.0757163e-01   6.5188742e-01
   2.4175091e-01   4.1343492e-01   7.1360126e-02  -1.8168801e-01  -8.7289073e-02   1.2499931e-01  -1.7807399e+00   7.3365271e-01
