   2.0507768e-01   8.2082212e-01  -2.6072186e-01   1.3104318e-01  -4.0282112e-01   1.1416131e+00  -1.4740995e+00   1.5625358e-01  -2.4820064e-01  -6.8884820e-01
   4.2200074e-02   4.9196321e-01  -1.5020812e+00  -8.5647911e-02  -3.6009437e-01   6.0105062e-01  -4.4720608e-01   1.2301606e+00  -4.0973264e-01   3.4714407e-01
  -6.7504555e-02   4.3492433e-01  -1.1572505e+00  -4.3689343e-01   6.5319091e-01  -1.2953734e+00   5.8110386e-01   2.7592702e-02  -1.8212529e-03  -9.1273355e-01
  -2.6860315e-01  -1.9079432e-01  -6.6393948e-01   1.2644696e+00   4.1311759e-01  -1.0503786e+00   3.0821767e-02  -5.1102656e-01   6.2668556e-01  -9.6070647e-01
   1.4739667e-01  -1.3451869e+00  -6.6836113e-01  -2.2262920e-01   3.2568651e-01   1.0019590e-01   1.7728424e-03   4.2026767e-01   1.5301073e+00   1.9623594e-01
  -3.1589827e-01  -3.7617591e-01  -7.6773483e-01   1.1735233e+00   1.2435564e+00   1.8658814e-01   7.8984356e-01  -6.3108736e-01   1.0750967e-01   4.2094705e-01
   7.2827393e-01  -1.6885249e-01  -8.8622725e-01  -1.5473410e-01   4.6465656e-01   2.2776020e-01   2.1738638e-01   7.1512741e-01   6.9270867e-01  -1.5249509e+00
   5.5658495e-01  -1.8257351e-01   3.6294636e-01   8.7249368e-01  -7.0542097e-01   2.9968151e-01  -8.4045213e-01  -3.8397708e-03   1.5501747e+00  -2.5896242e-01
   1.0380759e+00  -1.2363326e-02   4.0591782e-01   5.2132350e-01  -6.0667938e-01  -1.3813196e+00   8.0898929e-01  -6.1819673e-01  -1.1013138e-01  -4.0104088e-01
   2.3738348e-01  -1.0318494e+00  -5.6431687e-01   6.1424470e-01  -1.2579336e+00   1.0200861e+00   6.0520578e-02   7.1205986e-01   1.9676138e-01  -1.0395917e-01
   1.5222780e+00   1.8623225e-01  -9.0930432e-01   7.0609635e-01   5.4848146e-01   2.9157135e-01   5.3269160e-01   7.5144166e-01  -1.1190525e-01   2.7529570e-01
  -7.7962160e-01  -1.2146790e+00   5.9116179e-01   8.1972754e-01   4.7404677e-01   2.1309908e-01  -7.9616785e-01   6.8133199e-01   4.1299784e-01   5.9709603e-01
   2.4805462e-01   1.2209548e-01  -9.3658954e-01  -1.0135753e+00  -2.9318428e-01   1.4925146e+00   8.2308479e-02  -2.2537278e-01  -5.4410934e-01  -5.9316695e-01
  -6.4640743e-01   7.1596438e-01   8.4777629e-01  -6.2355822e-01  -3.0963546e-01  -8.1742650e-01   6.0906184e-01   3.0551320e-01   1.3165036e+00  -2.1596976e-02
   7.3367542e-01   1.0783107e+00  -3.7257928e-01   3.0813748e-01   2.1684358e-01  -6.8609166e-01   1.1078817e+00   1.2704654e-01   1.1414608e+00  -3.1363029e-02
  -9.3590736e-01  -1.4725035e+00   1.4492911e-01   4.2264611e-01  -1.0050232e+00  -7.9115427e-01  -2.5162849e-01  -1.4057054e-01  -1.7831525e-01  -7.2840825e-02
   8.7655395e-01  -3.9408261e-01  -1.5636723e+00  -2.8690648e-01  -3.4082490e-01  -4.1309950e-01  -6.9077009e-01  -4.9721786e-01   1.3871269e-01  -7.2008508e-01
   9.8977482e-01   6.3121474e-01  -4.4908446e-01   1.3366579e+00  -1.6486032e-01   3.8737169e-01   8.9695081e-02  -6.4950478e-01   2.0077170e-01  -9.9304426e-01
  -3.8814178e-01   6.6491145e-01  -2.0284237e-01   1.7118692e-01  -1.5932553e+00  -2.1473415e-01  -7.9609168e-01  -7.9214031e-01   1.3487454e-01  -6.8758702e-01
  -7.3841834e-01   2.8789636e-01  -6.8925184e-01   1.2525939e+00  -9.0368658e-01  -2.0517088e-01   5.4537046e-01   1.4223686e-01   6.0279095e-01   8.8771212e-01
   2.6103264e-01   2.3071235e-01  -1.0346692e+00   2.9924196e-01  -6.4261752e-01  -3.8812852e-01   1.5904832e+00   5.1177806e-01  -5.9907341e-01   6.7115076e-02
  -4.2630854e-01  -3.9913660e-01  -2.9490897e-01  -8.4108269e-01   8.8657327e-02  -1.7694446e+00  -3.8367224e-01  -4.0101668e-01   5.9130210e-01   2.6097652e-01
   5.7489064e-02  -2.0785857e-02  -4.0855609e-02  -7.9827726e-01   1.2575130e+00  -8.5155237e-01  -4.3555805e-01   9.8126590e-01   9.3441749e-01  -1.5854897e-01
  -6.8006641e-01  -2.1924184e-01  -5.2074444e-01  -4.2505971e-01  -9.1519460e-02   5.5116987e-01   1.2722324e+00  -2.9586798e-01   6.4822143e-01  -1.2645646e+00
   1.7138575e-01   8.7610459e-01   1.1449227e+00   7.0298994e-01   3.0349925e-01   4.8839417e-01  -3.8905773e-01   1.1388692e+00   3.2842866e-01  -7.1493411e-01
  -4.5258299e-01  -7.8353345e-01   3.8691857e-01   1.1972149e-01  -1.4530201e-01  -1.0164092e+00   1.1171741e+00   4.0170646e-01  -5.1209080e-01  -1.1363631e+00
   2.4206041e-01  -5.9912484e-02   9.2761844e-02   4.5278296e-01   6.5133762e-01  -8.7734735e-01  -3.7700018e-01  -8.5898554e-01  -1.3100115e+00  -9.6649140e-01
  -9.7343886e-01  -4.5108382e-02  -2.6545686e-01   3.7975401e-01   1.0915082e+00  -9.2934930e-01   7.4474834e-02   1.1542243e+00  -6.5335900e-01   1.2634285e-01
   6.4711404e-01  -5.1839328e-01  -1.0334554e-02  -5.2864385e-01  -1.7725319e+00  -4.4032764e-02   5.5605763e-01  -1.5004563e-01  -5.8171695e-01  -4.6799958e-01
  -3.5015240e-01  -5.0457571e-02  -6.2042612e-01   5.6402946e-01   1.9544661e-01  -8.1237656e-01  -1.3241282e+00  -1.2065042e+00   1.1349580e-01   5.0178194e-01
   5.4584984e-02  -4.3279701e-01   1.3336283e+00  -9.5059907e-01  -3.2921389e-01  -2.5912583e-01   6.4529848e-01  -3.9284560e-01  -1.1693801e+00   1.1742194e-01
   4.0554860e-01   1.1560398e+00  -1.7561604e-01   8.9099669e-01   1.5343964e-01  -2.2331434e-03   7.5042421e-01  -1.1132038e+00  -1.3872188e-01   9.1062289e-01
