   5.7700294e-01  -2.2680697e-01   8.0461234e-02   2.6736671e-01   1.4727706e+00  -6.0713595e-01
  -5.2103144e-01   2.1225706e-01   9.4889075e-04  -8.1612366e-01   1.3668696e+00  -3.8611120e-01
   1.0034492e+00  -8.6672997e-01  -7.5652832e-01  -8.1459440e-02   6.0057336e-01  -5.4973626e-01
  -1.1061385e+00  -4.3860826e-01   8.8160545e-01   9.9982552e-02  -9.9668046e-04   8.9266706e-01
   2.2397746e-01   1.3678858e+00   1.2354681e-01   3.9401719e-01   5.3182250e-01   7.9080606e-01
   6.1491191e-01  -4.9089041e-01   1.2872816e+00   7.6211965e-01  -2.9172790e-01   2.4059215e-01
   7.7176487e-01   6.2769108e-02   4.0325859e-01  -3.6122596e-01   1.2913281e+00   6.6318089e-01
   1.0004174e+00  -5.2209698e-02   1.1184905e+00  -8.4134161e-01  -1.3441145e-01   1.3962926e-01
  -4.8747736e-01  -1.2543657e+00   4.4861931e-01  -9.1924047e-01  -2.2439650e-01   3.0383599e-01
  -5.0096226e-01  -7.2693855e-01   5.7496655e-01   1.5952206e-01   1.9385327e-01  -1.3516600e+00
   1.6455022e-01  -4.3565309e-01  -9.4036812e-01  -1.0664475e-01  -5.7929045e-01  -1.2457474e+00
  -2.0518321e-01   3.8417515e-01  -3.8316765e-01   1.2405044e+00  -4.6177056e-01  -9.5467722e-01
   8.8104010e-01   9.6704704e-01   2.9763326e-01  -6.4389884e-01  -3.3104271e-01  -8.2207531e-01
  -2.0549697e-01   9.9202639e-01  -2.1918207e-01  -6.7392953e-02   2.4941742e-01  -1.3634013e+00
   5.5919863e-02  -7.3627365e-01  -5.5575484e-01  -1.4490174e+00   8.0027327e-02  -1.9963668e-01
  -9.1682023e-01  -6.7965984e-01  -1.2276662e-02   1.2418048e+00   4.0787820e-02  -3.9193070e-01
