   1.2942907e+00   2.6843166e-01   6.6672283e-01   3.5517985e-01  -4.2406073e-01  -9.5152169e-01  -5.9349883e-01   4.9459317e-01
   7.3725849e-01   1.0331854e+00  -6.9738972e-01   5.5431402e-01   1.1225851e-01  -9.2695224e-01  -6.6550326e-01  -5.2973974e-01
   1.9136168e-01   6.5695798e-01   9.6643853e-01   1.1793405e-01   7.2306436e-01  -9.8666590e-01  -6.5769458e-01   8.0930883e-01
   2.9564342e-02   2.5585735e-01  -2.8517288e-01  -7.8892387e-02   1.1874374e+00   7.9671890e-01   7.3722887e-01   1.1215346e+00
   7.1213979e-01   2.3436692e-01  -5.5017918e-02   3.1427577e-01  -4.3469360e-01  -1.2913957e+00  -3.5141006e-02   1.2158276e+00
  -9.2118907e-01   4.7710714e-01  -2.9237506e-01   1.0393097e+00  -2.1154274e-01   5.1410097e-01  -6.4360746e-03   1.2037607e+00
   2.1044232e-01   2.9524555e-03  -1.0791298e+00   7.2034991e-01  -2.4859014e-01  -1.2334850e+00  -7.5271261e-01   3.4988746e-01
  -9.9380666e-01   3.0487329e-01  -4.5934603e-01  -9.0105049e-02   8.8506065e-02  -2.8857210e-01   4.6119303e-01   1.5480558e+00
  -3.7988472e-01   6.2634277e-01  -7.6787293e-01   8.5569912e-01   4.7325203e-01   2.2709261e-01  -6.9971144e-01   1.1731998e+00
   1.1644211e+00  -3.4491348e-01  -1.0330316e+00   1.8427164e-03  -5.7580054e-01   1.0254792e+00  -5.3073831e-02   2.6838413e-01
  -4.7790218e-02   1.0521939e+00  -1.1691748e+00   7.7231681e-01   5.5700862e-01   1.5174526e-01  -7.4276394e-01  -2.0537217e-01
  -2.9223062e-02   9.2704850e-01  -6.1930007e-01   7.0334512e-01  -8.4536988e-01   4.7556022e-01  -3.6639845e-01   1.0892406e+00
  -3.7764814e-01  -2.9454759e-01  -9.3595505e-01  -2.0585537e-01   8.3427444e-02  -1.1624554e+00  -1.2135336e+00   1.4597638e-01
  -1.7430419e-01   1.3192358e+00  -1.0524626e+00  -5.6938899e-01  -8.8655613e-02  -6.5661961e-01   5.8091599e-01   1.4450169e-01
   5.5065673e-02   5.3169850e-02  -1.9845931e-01   9.3631095e-01   1.2425898e+00   2.9961175e-01  -1.1128057e+00   4.5380929e-01
  -1.0727104e+00  -4.0216848e-01  -3.6376044e-01  -7.8753215e-01   1.3472068e+00  -1.0596975e-01  -3.0497447e-01   1.2577371e-01
   9.8136675e-01   9.7814387e-01  -9.0520475e-03  -1.2814474e-01   1.0306277e+00  -7.4756354e-01  -6.5201259e-01   1.3223141e-01
   8.0356002e-04   6.6295415e-01  -2.8763440e-01   6.2472349e-01  -3.1765383e-01  -4.9054239e-02  -1.7272537e+00   2.7603703e-02
  -9.5673203e-01   1.2948881e+00   2.4034755e-01   1.6787106e-01   5.2995127e-02   2.8311506e-01   7.7148998e-01   8.0238479e-01
  -1.0032133e+00   6.0697150e-01   7.0935346e-02   6.9010848e-01   4.1948846e-01   1.0988726e-01  -5.1721144e-01  -1.2993512e+00
   1.8664443e-01   3.9505965e-01  -4.8586187e-01   6.6773963e-01   7.1167177e-01  -1.4713033e+00   2.2486593e-01  -6.3669354e-01
   6.4432728e-01  -4.0708637e-01  -1.4717050e-01  -5.3119582e-01   6.7800605e-01  -1.1800807e+00  -1.0705123e+00   3.4207627e-01
   3.3380684e-01   4.7034523e-01   8.3389819e-02   5.6082571e-01   1.7170044e+00   1.0117316e-01  -1.1802351e-01   6.1122787e-01
  -5.4843825e-01   3.2785293e-02  -3.2931302e-02   1.1204460e-01  -3.7776515e-01  -1.1515933e+00  -6.0391493e-02   1.4872731e+00
  -2.5164598e-01   6.2392914e-01   1.4212986e+00   9.1439962e-01  -4.6457359e-01   5.3923464e-01  -3.6787257e-01   2.2189580e-01
   5.3853579e-02  -3.0683167e-02  -1.4201263e+00   6.3938683e-01   6.1651278e-01   6.4432502e-01  -7.2250527e-01   5.0331587e-01
  -5.2106881e-01   8.4700912e-01   4.5634933e-02   8.3772045e-01   7.6511063e-02  -4.5800155e-01  -3.2361469e-01   1.4095598e+00
   3.5498455e-02   2.7418591e-03   6.5771776e-01   8.0722201e-01  -1.9399492e-01  -7.7366102e-01  -5.2754390e-01   1.4142293e+00
   3.7289713e-02   6.9748664e-01  -1.7929931e+00  -5.1954627e-02  -5.7815123e-02   2.0052797e-01  -4.3448496e-01   2.4953413e-01
   4.4181365e-01   1.0278977e+00  -6.2056845e-01   1.4900644e-01   1.7776354e-01  -1.1446687e-01  -5.3728008e-01   1.4168793e+00
   2.4812156e-01  -1.6087903e-01  -4.1626477e-01  -9.2769158e-01   1.0578400e+00  -1.1320879e-01  -7.6322681e-01   1.0790316e+00
  -3.2390252e-01   7.1055943e-01  -7.3331863e-02   6.9731987e-01   7.7591056e-01  -3.8811374e-02   1.3427688e+00   7.0141876e-01
  -4.6344814e-01   5.5455780e-01   9.8665857e-01  -3.2443453e-02   1.3870317e-01  -7.2591639e-01   1.0766714e+00   8.9315122e-01
  -8.3477682e-01   5.6702250e-01  -1.4199194e+00   2.1231821e-01   6.6897738e-01   1.4485197e-01  -5.5984074e-01   3.7208676e-01
  -4.2134002e-01  -7.9481047e-01  -3.7958652e-01   6.6809279e-01  -4.0784565e-01  -1.1871462e+00  -9.2788768e-01   4.0458053e-01
  -3.1253475e-01   9.0345657e-01  -6.8110764e-01  -1.2496378e+00   7.2996616e-01   1.6594920e-01   7.0702243e-01  -1.7767962e-02
   4.8372599e-01   1.4373665e+00  -5.5163497e-01   2.6697112e-02  -5.0516015e-01  -5.4518777e-01   5.2091104e-01   7.5578278e-01
  -1.5222431e+00   7.7564722e-01  -4.3160051e-01   1.5908320e-01   5.6953055e-01  -1.5584718e-01   4.2846757e-01   5.8079439e-01
   3.5523686e-01   1.1229104e+00   6.7597628e-01  -5.7611305e-01  -6.5987539e-01  -9.3391812e-01   3.6971712e-01  -6.1619782e-01
  -9.9753952e-01   2.7616054e-01  -1.4597063e+00  -2.9129308e-01  -3.2670045e-01  -3.8506660e-01  -3.9896345e-01   5.4669398e-01
  -1.6959238e-01   1.7490952e+00   4.1684628e-01  -1.5823834e-01   6.9520861e-01   1.4235936e-01   4.3547994e-01  -1.4099622e-01
  -9.3592584e-01  -5.5330819e-01  -9.1158593e-01   1.1386055e+00   2.9550928e-01   2.6462072e-01  -4.0584144e-01   6.0697943e-01
   2.8758734e-01  -5.9434843e-01  -1.2806640e+00   6.2439179e-01  -1.8433230e-01   7.2986960e-02  -6.7328918e-01   1.0205165e+00
  -7.0053071e-01   8.4074450e-01  -1.1943623e+00  -1.9934408e-01   4.3901446e-01   2.8779674e-01   1.0157130e+00  -1.7009574e-01
  -1.1261821e+00   6.4277947e-01   5.6286818e-01  -4.0479553e-01   3.1926936e-01  -4.4044060e-01   3.3826496e-02   1.2412909e+00
   6.4016712e-01   2.9539207e-01   7.8434813e-01   5.5482620e-01  -9.6003830e-01   6.6384995e-01  -4.9032050e-01   9.8848945e-01
  -2.6183912e-01   4.9379468e-02  -3.3473569e-01   8.9206022e-01   2.6138449e-01  -4.6419796e-01  -1.4201770e+00   8.4880978e-01
   3.8024229e-01  -2.6171389e-01  -9.8629415e-01  -9.9506670e-01   4.4768345e-01   2.8162393e-01   3.8918856e-01   1.1801643e+00
   5.4521233e-02   1.4089362e-01  -8.2812732e-01  -5.5863285e-01   2.9774094e-01  -6.5414339e-01   2.5076179e-02   1.5691171e+00
  -2.3065320e-01   1.9073160e-01  -1.4017714e+00  -6.4808294e-02  -6.2219059e-01  -2.3221727e-01   2.4560057e-01   1.1999546e+00
  -6.0535091e-01   5.5486202e-01  -7.9224849e-01  -2.5869715e-01   1.5439007e+00   2.9505622e-01   3.3697629e-01   2.1646240e-01
   8.7106341e-01   6.7420739e-01  -1.8898930e-01   6.1330211e-01   2.3308088e-01  -5.8699447e-01   8.3192587e-01   1.1330696e+00
   8.3068132e-02   8.5709661e-01  -7.7950633e-01   1.4654766e+00  -1.2344160e-01   5.4690802e-01   4.1338715e-01  -1.3415550e-01
   7.6708889e-01   8.9937127e-01  -3.2973236e-01   1.0800970e+00   5.8334523e-01   4.0417117e-01  -2.2606526e-01   8.7898898e-01
   5.3720510e-01  -3.4756124e-01  -9.6575701e-01   5.3580183e-01   2.0602593e-01   1.1013705e+00   5.5210054e-01   9.0031272e-01
  -6.8460780e-01   3.0347871e-02  -1.7632428e-01  -7.6845896e-01   9.9256504e-01  -1.1285001e+00  -3.9235526e-01   7.0436609e-01
   1.1193340e+00   1.2254329e+00  -1.0645419e+00   2.3624329e-01   4.4242807e-02  -2.1833907e-01   4.7971684e-02  -6.6438988e-02
  -4.9030088e-02   5.8030677e-01  -1.0695536e-02  -1.6125335e-01   4.5926777e-01  -9.3334389e-01  -6.6514844e-01   1.4526674e+00
  -8.6087883e-02   1.7099403e-01  -2.0007113e-02  -1.7297642e-01   9.7433144e-01  -1.1501838e-01   1.2162493e-01   1.7192107e+00
   7.2269446e-01  -5.1258576e-01   5.7116851e-02  -1.2784316e-01   1.4262661e-01  -5.7922328e-01  -2.5709149e-01   1.6653601e+00
   3.0999956e-01  -6.9250964e-02  -1.8896775e-01  -2.6570430e-01   4.8917162e-01  -1.5947688e+00   2.2309463e-01   9.8002517e-01
   3.9044165e-04  -2.6705354e-01  -4.6400237e-01   1.8598874e-01   1.0816166e+00  -6.6760224e-01  -1.2313886e+00   7.3951805e-01
   1.2874758e-01   1.9737191e-01  -1.4631971e+00  -3.3385214e-01   6.6310430e-01   4.5870924e-01   8.9951289e-01   4.8251504e-01
   2.6430912e-02   6.4912699e-02   7.8402317e-01  -9.6039541e-02  -3.2177627e-01  -1.5929383e+00   2.1495493e-01   8.2702732e-01
  -3.4879678e-01   8.6898170e-02  -5.6785393e-01   1.2457370e+00  -4.8651868e-01   4.0968594e-01  -1.0448003e+00   7.0733362e-01
   3.4995922e-01  -1.0111358e+00  -9.7685730e-01  -6.4133185e-01   1.2590700e-01  -5.3482878e-01   2.4570468e-01   1.0617491e+00
   4.6871716e-01  -1.2901278e+00   7.3025554e-01   3.3565110e-01  -1.4463288e-01   6.1924152e-02  -4.3520740e-01   1.1206162e+00
   2.6801948e-02  -3.2210502e-01  -1.7012722e+00  -2.9035407e-01  -7.0538670e-01   8.3919704e-02  -6.3439173e-01  -9.9154688e-02
  -7.5433248e-01   1.0327736e+00   1.6004032e-01   7.7570987e-01  -7.8461629e-01  -3.2508346e-01   3.1981222e-02  -1.0073220e+00
  -9.0043463e-02   9.5692784e-01  -2.3464434e-02  -5.7295465e-01   1.3640932e+00  -3.8888720e-01   3.7959959e-02   8.5669690e-01
  -2.5552005e-01   9.0465176e-01   1.0417489e+00   1.7935775e-01  -9.5630056e-01  -1.8679953e-01  -6.9234580e-01   7.5508785e-01
  -1.2462656e-02   9.5248535e-02  -1.3846110e+00   6.5434235e-01   3.1536829e-01   6.7492115e-01  -6.6218889e-01  -8.0745959e-01
  -5.7931423e-01   8.4604043e-01   2.0813739e-01   6.9936723e-02   1.3726171e+00  -8.6975402e-01  -4.2887723e-01   2.7552283e-01
   8.6834240e-01  -7.4265641e-01  -4.2487994e-01  -1.1284409e+00  -2.1255216e-01   8.1061810e-01   3.6894947e-01   6.3414305e-01
  -5.1358956e-01  -1.7694032e+00  -5.9315747e-01  -3.7928563e-01   1.5229738e-01  -2.2119943e-02  -2.1045911e-01  -2.0436984e-01
  -1.2022089e+00  -9.8093534e-01   1.1344072e-01   7.0175904e-01   9.9457592e-01  -5.9235599e-02  -1.5938927e-01  -2.6273617e-01
  -3.4245977e-01  -9.7077209e-01  -4.0634146e-01   6.9869578e-01  -5.5696172e-01   7.5640535e-01  -6.1211336e-02   1.1836095e+00
  -4.6763799e-01  -1.8166931e-01   4.1307750e-01  -3.7119821e-01   5.2543265e-01  -8.7422895e-01   6.1400867e-01   1.4221559e+00
   2.9612130e-01   5.9661782e-01   8.2069188e-02  -1.1104743e+00  -1.3947451e+00  -4.4651231e-01  -1.2147773e-02  -4.1429025e-01
  -3.5066432e-01   1.1527189e+00  -1.0800296e-01  -2.6121435e-01   2.3297194e-01  -6.8865395e-01   5.2773643e-01   1.2889338e+00
  -2.4109168e-01   8.3614066e-02   4.3180504e-01  -6.1766112e-01   5.1817411e-01  -3.6177614e-01  -1.6962773e+00  -3.0029956e-01
   3.3470133e-01   6.1453468e-01  -3.3758846e-01  -1.6107590e-01  -4.7035360e-01  -3.1627765e-01   4.7987315e-01   1.6789488e+00
  -4.9089512e-01   6.9466144e-01  -9.0436560e-01  -3.9393926e-01   8.8740993e-01  -5.8214742e-01   7.1268332e-01   8.1798071e-01
   9.1107351e-01   1.9646285e-01  -7.1569270e-01  -8.7772775e-01  -1.7736048e-01  -9.5601755e-01  -5.5014825e-01   7.7500731e-01
  -1.3109068e+00   4.0236756e-01  -2.6489979e-01   3.7683886e-01   1.8443973e-01   1.1269717e+00  -2.2543460e-01  -7.4333084e-01
   2.1596089e-01   6.8341446e-01   8.6289740e-01  -1.0784742e+00   1.1381114e+00  -4.4586919e-02  -4.1547605e-01   3.2969895e-01
   3.4741867e-01   6.1545843e-01   3.7463260e-01   1.7035036e+00   4.1893739e-01   1.9740236e-01   4.2452320e-01  -2.5207344e-01
   3.0197424e-01  -1.5970463e-01   5.2082783e-01  -7.7648975e-02   1.5266286e+00  -4.0735194e-01  -5.2241492e-01   9.1464007e-01
   1.2761447e-01  -8.3771074e-01  -1.2629125e+00  -6.4318520e-01  -1.4436786e-01   8.4484768e-01   5.3280294e-01   5.0480855e-01
  -5.5083472e-01   1.4625913e-01  -8.0500597e-01  -1.3599584e+00   7.4887222e-01  -7.5921065e-01   1.6620366e-01   1.1328401e-01
   1.3054234e-01  -6.8685043e-01  -8.4128487e-01  -4.7413135e-01   1.2320040e+00  -8.2123441e-01  -6.2012446e-01  -4.2662688e-02
   7.5038686e-02   1.1865511e+00   7.5611705e-01  -2.0627642e-01  -3.8297239e-01   1.6009955e-01   1.3407407e+00  -4.8143957e-02
  -9.2546827e-01  -2.2731407e-02   7.5996989e-01   3.4701839e-01  -3.7779504e-01  -4.1574466e-01   4.2539847e-01   1.3958794e+00
  -9.4760185e-01   8.7419617e-01  -6.7518401e-01  -1.2640040e-01   2.9067230e-01  -1.2521837e+00   1.2066516e-01   4.4605684e-01
   5.2250224e-01  -1.7442433e-02   3.0755833e-02   1.5508825e+00   1.3134512e-01   1.1256433e+00  -2.3366120e-02   1.8877040e-01
  -1.0795401e+00   1.0389258e+00  -3.4337768e-01   7.7707642e-01  -5.7820648e-01   7.6881969e-01   3.0269998e-01   1.2820435e-01
   3.7825325e-01  -5.3275192e-01  -1.3025161e+00   3.2984337e-01   1.1953118e+00   4.1437614e-01   3.0934420e-01   2.6755041e-01
   5.8984381e-01   2.3076394e-01  -1.1464409e+00  -1.2136413e+00   5.6534702e-01   3.5075429e-01   5.8018780e-01  -1.7976809e-01
  -6.2118422e-02  -2.6342854e-01  -2.5871730e-01  -5.8756202e-01  -5.0353047e-02  -1.3865373e+00  -7.3275054e-01   1.0259815e+00
   8.1763160e-01  -5.2300555e-01  -7.1401042e-01  -9.1847163e-01  -1.6769482e-01   2.1107934e-01  -5.7791471e-01   1.1392461e+00
  -1.4882996e+00   4.5353493e-01  -3.9625502e-01   3.7575170e-02  -1.9986273e-01   6.8177563e-01   9.4792181e-01  -1.3236995e-01
   1.0837121e+00   3.8283318e-01  -1.3449227e+00  -2.9322281e-01   3.1591862e-01   7.8541535e-01  -9.1853671e-02  -2.4308647e-01
  -1.0914097e+00  -1.1586326e+00   1.7913695e-02  -5.0232130e-01   5.6444675e-01  -3.8771778e-01   2.7727270e-01  -8.1727719e-01
   4.5813823e-01   3.9592859e-01  -4.3612990e-01  -1.2238035e+00  -1.3303515e-01  -1.0015148e+00   5.4799730e-01   7.9019886e-01
  -4.8170844e-01   1.7401386e+00  -2.5194982e-01   3.6887461e-01  -4.3208820e-01  -2.2008425e-01   4.3810359e-01   3.3653504e-01
  -3.8221434e-01   1.0519210e-01  -9.0902770e-01   2.7278453e-01   8.6856574e-01  -2.3815209e-02  -1.4668462e+00  -1.8839629e-01
   1.0950499e-03   8.8923240e-01  -9.3789256e-01  -2.7625743e-01  -2.1923149e-01  -1.0580320e+00  -3.0929729e-01   9.9506027e-01
  -7.5300211e-01   1.3503978e+00   5.9259617e-01   7.8968829e-01   6.1134356e-01   3.2823208e-01  -3.0952170e-01  -2.3948853e-01
  -6.8331432e-01   1.1022856e+00  -5.6829441e-01  -2.8124750e-01   8.6456895e-01  -8.9997816e-01  -3.5080400e-01  -4.8526871e-01
   1.3287256e+00  -4.9020041e-02  -9.3996090e-01  -3.5896766e-01  -2.9609311e-01  -1.1849897e-01  -9.7382283e-01   4.1189453e-01
  -1.1500587e+00   5.5126584e-01  -1.1311195e-01   7.6930457e-01   6.6305888e-01  -1.0983331e+00  -3.0713809e-01   1.6890822e-01
  -8.3341277e-01   3.0740151e-01  -1.3411611e+00   6.5965378e-01  -3.1258667e-01   4.7245619e-01  -1.2205140e-01   8.0078053e-01
  -1.4526036e-01  -8.6340594e-01   9.9643975e-01  -3.8956467e-02   4.2872867e-01  -4.6497479e-01  -1.0367103e+00  -8.7420934e-01
  -6.9899255e-01   9.5908654e-01  -4.1260973e-01   3.7054700e-01   1.3521116e+00   2.0779853e-01  -6.3817060e-01   7.3235735e-02
   2.4220474e-01   1.2715429e+00  -6.8270820e-01   7.6342839e-01   2.0262943e-01  -6.6199964e-01   8.9231950e-01   8.1054866e-03
  -4.8854932e-02   2.4691708e-01  -1.2499788e+00  -1.1616457e-01   3.0728471e-01   4.7609705e-01  -2.5204271e-01   1.4057332e+00
   3.8211989e-01   6.3151306e-01   1.2552274e+00   1.0700446e-01   5.8377528e-01   7.6264215e-01  -8.9323854e-01  -3.8449684e-01
  -3.1976402e-01  -1.2415676e-02  -7.2740418e-01  -1.0289600e+00  -1.1087031e+00  -6.9380713e-01   2.2076651e-01  -7.4188453e-01
   8.2381797e-01   7.4957699e-01  -9.1043025e-01   2.3986800e-01   5.9626198e-01   9.2924488e-01   4.9763310e-01   6.3747579e-01
  -5.6152767e-01   1.6308078e-01   2.7706760e-01  -1.2641488e-01   1.5231839e+00   5.3349864e-02  -1.1146123e+00  -6.9237580e-03
  -9.8070395e-01   1.3600107e+00   4.9091369e-02  -5.7879192e-01   2.3377259e-01  -3.9066267e-01   8.0096674e-01   4.8637047e-02
  -5.5151409e-01  -7.3126578e-01  -1.2501138e+00  -2.5964907e-01  -1.9537406e-01  -1.5657078e-01  -3.6444682e-01   1.1555835e+00
   2.2278504e-01   5.4669231e-01  -3.6909232e-01  -6.0119057e-01   1.4467186e+00   5.7288927e-01  -5.4748911e-01  -6.5794659e-01
   1.4386710e+00   2.1649435e-02   5.8886832e-01  -9.3882638e-01  -3.9172283e-01   4.7695419e-01  -3.0070463e-01  -4.7983372e-01
  -1.2466199e+00   2.3351786e-01  -9.7950399e-01  -1.4263849e-01   8.3370692e-01  -7.7015477e-01  -3.5131472e-01   2.6240377e-03
  -8.1152242e-01   3.3544484e-01  -3.5712060e-01  -6.6693723e-02  -1.3327633e+00  -7.5038207e-01   8.5006297e-01  -1.8704718e-01
  -1.1982930e+00   4.2990586e-01  -1.5492503e-01  -6.5033060e-01   2.4722399e-02  -1.2531843e+00   5.3956747e-01  -2.6481727e-01
  -3.5803163e-01   1.2558053e+00  -4.8648638e-01   8.6456007e-01   2.1780178e-01  -3.3875477e-01  -2.1645841e-01  -1.0495650e+00
   5.2133106e-02   1.5136857e+00   2.7292109e-01   1.0035690e+00   4.5788860e-01  -2.6091340e-01   5.0190008e-01  -3.0783024e-01
   1.2776957e+00  -3.0292717e-01  -2.8653488e-01  -6.6257954e-01   1.0111964e+00  -5.2889842e-01  -3.3498240e-01   5.8322388e-01
   8.3262962e-01  -6.9775246e-03  -4.4124220e-02  -1.3190614e-01   1.4952214e+00  -4.3322828e-01  -4.1952953e-01  -8.2943016e-01
  -2.7869454e-01   1.4393510e+00   8.9418095e-01   5.2492112e-01   7.4025825e-02  -3.7088711e-02  -4.0258580e-01   7.7882302e-01
  -1.2059604e+00  -8.0061033e-02  -1.3127370e+00  -4.5594206e-01  -5.9339438e-02  -1.2101617e-01  -4.6842223e-01  -6.0868949e-01
  -3.6234635e-01   9.8313594e-01  -1.0516944e+00   6.5965581e-01   7.0574725e-01   7.7839118e-01   3.3533147e-01  -3.8016087e-01
   8.2376361e-01   8.0545789e-01   5.8572894e-01   3.3507821e-01  -9.6561092e-01  -9.0156627e-01   2.3128159e-01   6.4697599e-01
  -2.2124860e-01  -1.3176943e-01   1.9183600e-01  -7.3076135e-01   4.5349064e-01  -1.7597110e+00  -2.2513871e-01  -9.9742189e-02
   1.0720518e+00   1.3606545e+00  -2.4602026e-01  -6.5447010e-02  -2.3022680e-01  -6.0836095e-01  -6.0931623e-01   3.7435466e-01
   1.2717700e+00  -2.4256721e-02  -7.9865229e-01  -7.7461070e-01   5.2371681e-01   6.7800659e-01  -8.0121078e-02   6.3541669e-01
   5.9279978e-01   4.5963812e-01  -1.6170543e+00  -4.5872015e-01  -3.1090111e-01  -2.6525462e-01  -8.3252937e-02  -6.6187733e-01
  -8.2039219e-01   1.2429601e+00  -1.2072362e+00   4.2638773e-01  -1.6139421e-01  -1.9031776e-01   7.5788531e-03  -2.8364691e-01
   4.1182045e-02   2.0239650e-01   2.2643384e-01   1.5464612e+00  -3.0831143e-01   2.6151317e-01  -1.1003631e+00  -3.7454107e-01
   1.4899793e+00   6.6237992e-01  -6.2716383e-01  -3.6252564e-01  -1.5263964e-01  -5.2971911e-01  -4.0516746e-01  -5.9024864e-01
  -7.1605575e-01   5.7325852e-01  -1.4458004e+00  -5.6989270e-01  -6.6576707e-01  -3.2195291e-01   2.1882278e-01  -3.8566816e-01
   8.4689659e-01  -3.5318649e-01  -5.8653003e-01   6.7238742e-01   9.7601354e-01   8.1648201e-01  -4.6042866e-01   7.2846645e-01
   5.3876841e-01  -3.1666863e-01  -3.9234346e-01   1.1127728e+00  -7.0430994e-01   6.6323660e-02  -1.3074706e+00   8.5569806e-02
   7.1922880e-01   9.9691391e-01   4.9324471e-01   6.5602750e-01   2.6803336e-01  -3.8359204e-01  -2.0513113e-01   1.2466543e+00
  -9.2865847e-02  -7.8478539e-01   4.7079808e-01   7.8021273e-02   5.8645260e-01  -7.4928564e-01  -8.3204335e-01   1.2450293e+00
  -6.7714769e-01  -1.6919076e-01  -1.1792651e+00  -7.1185386e-01   8.0526900e-01  -2.3732324e-01  -2.4612075e-01   9.2200160e-01
   8.6446416e-01  -4.3513943e-02  -1.0646278e+00  -5.5734134e-01  -1.1705790e+00   2.4462844e-01  -3.0325982e-01  -5.3355592e-01
  -1.0525456e-02   1.6034760e-01  -5.1796484e-01   5.4874770e-02  -4.4184291e-01  -2.7714187e-01  -6.4111584e-01   1.7377620e+00
   5.4099895e-03   6.2956810e-01  -4.2157230e-01   3.2661939e-01   9.9045509e-01   9.7022551e-01   1.1782590e+00   9.2619620e-02
  -7.3365223e-01   5.0823969e-01   8.1920713e-01   8.6502892e-01  -2.4883735e-01   3.7941495e-01  -7.2279984e-01   1.0275002e+00
   3.5845986e-01   1.2269524e+00   8.9097512e-01   7.1359658e-01   9.6846825e-01  -2.8871117e-02  -3.4618653e-02   3.5082009e-01
  -2.4647661e-01  -2.9783615e-01  -4.4970301e-01  -5.8856124e-01  -1.0956830e+00  -4.5655429e-01   5.0086070e-02   1.3749306e+00
  -5.1831868e-02   4.8586640e-01  -1.4179338e+00  -1.1242762e+00  -5.1118962e-02  -1.4619394e-01   4.1560692e-01   5.3851587e-01
   7.9823005e-01   6.7237228e-01  -6.8172270e-01  -6.7123742e-04  -9.9148935e-01  -2.6511902e-01  -3.1456432e-01   1.1374128e+00
   3.8660789e-01   1.0443919e+00   6.7756385e-01   1.2438055e+00   4.7934479e-03   6.3073552e-01  -1.2300704e-01   5.8365542e-01
  -8.3389473e-01   7.9606336e-01  -2.0767972e-01   4.5364481e-01  -8.2261437e-01  -1.9970526e-01   6.8371159e-01   1.1126276e+00
   8.8838965e-01  -8.2704447e-02  -1.0452515e+00  -9.9272454e-01   4.8767906e-01  -1.4740343e-01  -8.0416304e-01  -4.6865210e-01
  -1.4163047e+00   7.3724210e-01  -2.7269766e-01   5.5967849e-01  -9.2247695e-01  -4.3621871e-01   1.0325599e-01  -1.0506407e-01
  -1.6031441e-01   1.2801419e+00  -1.1511183e-01   2.4425776e-01  -8.2262546e-01  -6.8623322e-01  -4.0694287e-01   9.7436780e-01
   6.7704779e-01   7.8534007e-01  -1.1682357e+00  -5.5112165e-01   5.8891338e-01  -7.8381556e-01  -4.5104688e-01  -3.0283394e-01
  -7.5623697e-01   1.4818421e-01  -8.4378308e-01   6.5130037e-01   1.1442585e+00   3.6633071e-01   2.6528898e-01   8.6952919e-01
   1.4936591e+00   1.1769614e+00   1.0571640e-01   4.6940559e-01   7.8019984e-02   3.4665209e-01  -4.3829683e-02  -1.5508194e-01
   2.2549066e-01   1.3148446e+00  -3.5894446e-02   1.0255212e+00  -2.0942916e-01  -8.9549683e-02   4.4938281e-01   9.5578802e-01
  -7.4531764e-01   1.5275097e+00  -6.1228329e-01   1.9951332e-02   7.5033748e-01   8.5935481e-02   3.5196796e-01   2.0409453e-01
   1.2047082e+00   4.1249484e-01   2.3828058e-01   1.2051387e+00  -5.2142805e-01   2.8350660e-01  -6.1947495e-01   3.6520851e-01
   1.2784048e+00   1.6759552e-01   3.3230868e-01   4.1901296e-01  -5.0235277e-01  -2.1709673e-01   1.4882021e-01   1.3152776e+00
  -1.0723519e+00   5.1905209e-01   5.2416563e-01   5.1493391e-02  -6.6220558e-01  -1.3519777e+00  -1.6137129e-01  -1.0413644e-01
   2.1624090e-01   8.0804396e-01  -8.6291975e-01   9.4064146e-01  -8.9015913e-01  -2.7640468e-01   8.9540541e-01   1.8275982e-02
  -1.5630366e+00   2.2844328e-01  -6.0060769e-01  -8.8522917e-01  -1.2530364e-01  -4.9046421e-01   7.5213552e-02   3.1377891e-01
  -1.4953592e+00  -5.1282454e-01  -8.0524850e-01  -1.3903339e-01  -2.2402897e-01   4.5616046e-02   6.2548232e-01   6.2422597e-01
  -8.2708389e-02   1.1439919e+00   6.6703969e-01  -8.8441366e-01  -1.0628937e+00   6.7872182e-02  -5.6804955e-01  -1.6806651e-02
  -2.1393155e-01   1.3129754e-01  -7.1720988e-01   2.8293964e-01  -9.3686241e-01  -1.1599753e+00  -9.8100835e-01  -3.9612925e-01
   1.6437395e-01  -8.8418877e-01  -1.1078473e+00   5.6865090e-03  -8.5531127e-01  -7.0372802e-01  -7.6040316e-01   3.9853516e-01
  -4.5476270e-01   7.5837564e-01  -7.0918977e-01   3.6171049e-01   7.7852571e-01  -8.6098009e-01  -1.0947059e+00   1.9621950e-01
   4.1248620e-01   3.3207631e-01   4.0822616e-01   1.2635027e+00   5.5460662e-01  -2.7616790e-01  -1.1874766e+00   4.0315592e-01
   3.1830654e-01   5.4213703e-01  -6.7695832e-01  -4.9120134e-01   9.4234884e-01  -9.0313959e-01  -8.3409274e-01   7.1121275e-01
   1.4845508e-01   1.2607397e+00  -1.0745796e+00  -2.5326880e-02   7.5019348e-01  -5.8876044e-01  -1.9205254e-01   5.3555644e-01
   7.9763162e-01   1.2602727e+00   1.3172403e-01  -3.8914269e-01   9.0335178e-01   4.8461145e-01   2.3940869e-01  -7.0604831e-01
  -9.7978795e-01  -6.4988518e-01   3.4863859e-01   5.6314152e-01  -2.6324227e-01  -7.6110566e-01   1.0481054e+00   6.5717906e-01
  -5.7774907e-01  -3.3759010e-01   7.4254149e-01   8.9948124e-01   1.1555487e-02   7.2845119e-01   4.6306777e-01   1.2027463e+00
  -9.2255312e-01  -7.6946251e-02  -4.8282009e-01   3.5115469e-01  -4.8451844e-01   7.1936888e-01   9.9647701e-01   1.0204575e+00
  -5.1041013e-01  -3.4044155e-01   4.0946990e-01   2.8923938e-01   7.2933279e-02   4.0383246e-02  -3.8999635e-01   1.7925423e+00
   8.1747878e-01   6.6536820e-01  -1.3629894e+00  -3.3889064e-01   9.1204323e-02  -2.8065512e-01   9.8531405e-03   9.1062826e-01
  -5.2449918e-01   5.6709439e-01   3.7638918e-01  -2.6266140e-01   1.0943568e+00  -7.8752033e-02   9.4953495e-01   1.0426934e+00
   3.8665077e-01   8.5434973e-01  -1.2503483e+00   3.6825201e-01  -2.8368017e-01   1.1460859e+00   2.0486264e-02  -1.6492705e-01
   5.6456649e-01  -2.7865639e-01  -2.6318765e-01  -8.1888407e-01   1.0412763e+00   2.7010790e-01   3.1418213e-01  -1.2680110e+00
  -9.6786857e-01   1.6504493e-01  -5.6398797e-01   9.5085096e-01   1.0207946e+00  -2.3301896e-01  -6.7625529e-01   5.1004905e-01
   6.6519164e-02   7.8308904e-01   6.7337924e-01   3.0986664e-01   8.7833554e-01  -4.2326945e-01  -1.3706477e+00  -5.9867144e-02
   2.1204701e-01   4.7526670e-01  -6.7398047e-01  -2.3748687e-01   1.6717565e-01  -1.6723863e+00  -6.1892742e-01   1.0302127e-01
  -1.6560510e+00   6.2072445e-02   1.2510920e-01   5.7192880e-01   1.5256539e-01  -2.0578040e-01  -8.7454355e-01  -2.8361660e-01
  -1.8777320e-02   9.9834621e-01   6.3055456e-02   3.9848897e-01   1.0606656e+00  -2.4689075e-01  -8.1477034e-01   9.9517077e-01
  -1.4686021e+00  -4.2934471e-01  -6.3363957e-01   1.1559339e-01  -5.5848622e-01  -6.1852735e-01  -7.1748424e-01   1.8639627e-01
  -1.3282199e+00   7.0216483e-01  -7.9828215e-01   7.4586099e-01   6.5597993e-01   8.4994799e-03  -1.7332032e-01  -2.9801232e-01
  -6.9314259e-01  -3.3361313e-01  -7.9655588e-01  -6.0023904e-01  -1.3349156e-01  -1.0446569e+00   3.6466807e-01   1.0822924e+00
   1.1194159e+00   9.8550417e-02  -1.4668511e-01   9.2138156e-02  -1.5422271e+00  -3.9079124e-01  -2.8227773e-01   3.1036508e-01
  -8.4715146e-01   6.7792350e-01   4.6202829e-01   9.8104185e-01   9.2606473e-01   2.1005058e-01  -1.6562860e-01   8.4716624e-01
   1.4436603e+00  -3.8106557e-02   1.0111010e+00  -2.0969731e-01  -2.8525788e-01   1.4441334e-01  -7.7237213e-01   3.8640529e-01
   1.6687116e-01   1.4444730e+00   1.0922180e-01  -2.2542749e-02   4.6124279e-01   1.1465835e-02   1.0677042e+00   7.2134990e-01
  -2.6730871e-01   3.0283460e-01  -1.1819437e+00  -9.7187506e-03   2.5125048e-01  -4.8984593e-01  -1.0099419e+00   1.0567372e+00
  -4.8116487e-03   8.8566089e-01  -1.2725555e+00  -3.6156332e-01   9.0179235e-01   7.6170063e-01  -1.9329633e-01  -1.8621331e-01
   4.2352881e-02  -2.2840804e-01  -1.2223011e+00   2.4194433e-01  -1.3296925e+00  -5.7649469e-01   5.7257652e-02  -5.3830510e-01
  -3.6064401e-01   1.0984758e+00  -2.8759047e-01   4.7475499e-01   8.9291203e-01   1.1389305e-01   2.5576377e-01   1.2163503e+00
   4.8828971e-01   4.6203193e-01  -1.0824896e+00   4.0427229e-01   1.2345252e+00   3.1178910e-02  -2.0049791e-01   8.0477065e-01
  -3.4422034e-01   4.2657113e-01  -2.4555551e-01   1.0756304e+00   9.5584798e-01   1.0577507e+00  -3.0669150e-01   5.9643072e-01
  -5.0768320e-02   2.4822553e-01  -6.3110757e-01  -1.8928213e-01  -1.0161417e+00  -9.3362552e-01  -8.8382757e-01   9.0351009e-01
  -5.8870238e-01   8.0794597e-01  -1.3623536e+00  -2.0716390e-01   5.8605695e-01  -6.3215293e-02  -3.9908591e-01  -7.7136260e-01
  -7.2753721e-01   6.4004427e-01  -6.4810991e-01   9.7259693e-02   9.7878546e-01  -6.4963508e-01  -3.0999503e-01   1.0748879e+00
   5.8212769e-01   8.6275637e-02  -1.9077277e-01   6.7182112e-01   4.6070504e-01   2.2853352e-02  -1.0067170e+00   1.3927294e+00
   1.1932092e-01   3.8241354e-01  -1.4239585e+00   6.6176766e-01  -7.5745523e-01  -2.0578274e-01  -6.7034256e-01   5.5541354e-01
   1.6665055e-01   1.5060787e+00  -9.2789628e-02   3.0188373e-01   2.8898126e-01  -9.7043818e-01  -1.8368359e-01   7.3838377e-01
  -3.3949006e-01  -1.4807919e-01   1.9619799e-01   7.1333718e-01   1.0737441e+00  -7.6249129e-01  -1.2393006e+00  -2.1281423e-01
  -8.9938837e-01   4.5705471e-02   2.2770493e-01   4.6222958e-01  -5.5068105e-01  -9.9257827e-01  -1.0073122e+00  -7.8763390e-01
   7.2457150e-02   3.6583942e-01  -7.8850687e-01  -4.8377252e-01   1.2189571e+00   4.0737116e-01   8.9728838e-01  -7.4040449e-01
   5.8840847e-01   1.4622166e+00  -3.7200725e-01   8.1256324e-01  -1.3671082e-01   8.1342304e-01  -1.7339763e-01   8.1461124e-02
  -6.9890648e-01   4.5858118e-01  -7.6660162e-01  -7.8521723e-01   1.1045319e+00  -2.6791671e-02  -8.8290566e-01  -3.1106034e-01
   8.3901435e-01  -6.6892391e-01   1.1094456e+00  -7.7229893e-01   9.2035547e-02   6.4244014e-01   6.3312250e-01  -4.4635940e-01
  -5.5197883e-01  -3.5621867e-01  -1.1852515e+00   3.7667546e-01  -3.2817653e-01  -1.9623303e-01  -1.3205112e+00   3.6299530e-01
  -1.6321542e+00   1.9806381e-02   2.5515658e-01  -7.7946172e-03   7.5441575e-01  -6.2083161e-01  -3.4293967e-01   4.4534418e-01
  -3.4602526e-01   6.1452687e-01  -2.1898693e-01  -3.8561606e-01  -6.0319632e-01  -1.6827259e+00  -1.8352114e-03   3.3249420e-01
  -8.0333185e-01   6.1055893e-01  -9.0342146e-01  -5.5274844e-02  -1.0628626e+00  -9.9650878e-01  -1.6168837e-01   1.1747216e-01
  -6.7873323e-01   1.0348791e+00   5.0190836e-01  -1.2259831e-01   1.7369694e-01  -1.2987428e+00  -4.5622483e-01   5.2569884e-01
   2.2049321e-01  -7.3000714e-02   7.8623587e-01  -4.2121172e-01  -1.5470098e+00  -8.0762273e-01   3.2184878e-01   3.7245259e-02
  -1.1278316e+00  -1.5580320e-01   8.8654980e-02   1.2114570e+00   2.9627493e-01   7.4086624e-01  -7.4766695e-01   1.8046008e-01
   5.0714966e-03   6.8447244e-01  -8.4254330e-01   1.3005221e+00  -2.6646307e-01  -8.3142656e-01  -5.0142479e-01  -3.4137303e-01
   7.4049342e-01   5.8865482e-01  -1.3231565e+00   4.5113710e-01   3.1193101e-01  -3.6934766e-01  -8.7351310e-01   3.9261082e-01
   3.7688187e-01   1.6567621e+00  -5.3388727e-01  -1.5274763e-01   4.4587272e-01  -6.0149556e-01   3.1943977e-02  -4.9306384e-01
  -8.9856181e-03   1.0869288e+00  -1.1874719e+00   4.3278787e-01  -4.4736201e-01  -1.0066372e+00   2.2019746e-02   8.4704377e-02
   3.5798556e-01   1.3953960e+00  -2.7652472e-01   1.6403887e-01   1.1586287e+00   5.3428799e-01   1.3783953e-01   4.1768214e-01
   4.7788301e-01  -6.5696800e-01   9.8118228e-01  -5.3381842e-01   2.6493731e-01  -1.0218354e+00  -9.7490644e-01  -1.6600679e-01
  -5.6663376e-01  -3.7490869e-01  -4.7898296e-01  -6.2053774e-02   6.1548394e-01  -2.8676456e-01  -6.8898338e-01   1.5392666e+00
  -5.0734818e-01  -9.5274061e-01  -4.8238584e-01   9.7791708e-01   9.2428428e-01  -7.2730266e-02  -8.8226867e-01   8.8748321e-02
   4.0990683e-01  -8.8128662e-01   2.1168642e-01   2.6389334e-01  -5.3676003e-01  -6.8215895e-01  -1.0871793e+00   1.0027206e+00
  -1.1759944e+00   5.8707178e-01  -2.6244679e-01   6.6591626e-01   9.2933995e-01   8.4218532e-01   4.0669522e-01   1.4734752e-01
  -3.0099544e-01  -3.9101925e-02   3.5270742e-01   8.0329710e-01   7.0725220e-01   1.4822397e+00   5.7004398e-01   3.4057841e-01
  -1.0330595e+00  -1.1297623e-01  -5.1093441e-01  -7.7602541e-01  -2.4702865e-01  -1.2717947e+00  -5.8051676e-01  -2.0315216e-01
   3.6424437e-01  -1.9320878e-01  -2.4365515e-01   8.7542188e-01  -1.4621300e+00  -7.3949808e-01   4.7592840e-01  -3.0508286e-01
  -1.3395743e+00  -7.4245490e-02  -5.5640423e-01   1.1935639e+00  -3.6448920e-01   4.1121912e-01   3.4906232e-01  -2.0506090e-01
  -2.8634793e-01  -8.9793998e-01   4.2614308e-01   9.4487476e-01   7.5650185e-01   9.0087849e-01  -6.9006282e-01   4.2101991e-01
   3.0683547e-01   4.6463579e-01  -1.1636367e+00  -1.9551970e-01  -1.1105577e+00   7.7166945e-01  -6.2544006e-01   2.7874652e-01
   6.5879631e-01   6.0997552e-01  -6.7396760e-01   1.0624255e+00  -1.3844293e-01   6.6893679e-01  -1.0675006e+00   6.8822995e-02
  -2.2550566e-01   2.8506923e-01  -1.5252000e+00  -4.8670259e-01   4.4069698e-01  -9.8284000e-01  -9.3857259e-02   3.6847064e-01
   2.6359755e-01   4.0836194e-01   1.2367543e+00   7.9848671e-01  -2.7280360e-01  -6.8908834e-01  -9.1592848e-01   4.5653614e-01
  -1.2424892e+00   6.7899936e-01  -4.6769401e-01  -6.3707256e-01   9.1847306e-01  -4.1152281e-01   4.8571280e-01  -3.4888446e-01
   8.6304504e-01  -3.0944285e-01  -1.1097518e+00   5.1805800e-01   8.1639506e-02   2.7777058e-01  -1.2505985e+00   1.0792139e-01
  -2.1545497e-01   6.3759267e-01   7.4691498e-01   8.5605443e-01   2.1586722e-01  -4.3047678e-02   6.0044491e-01   1.3591752e+00
   4.5268577e-01   2.2317462e-01   8.3918259e-02   4.5162693e-01  -1.6926429e-01   3.8314089e-01  -1.1431406e-01   1.8291377e+00
  -5.9892255e-01   1.1354597e+00  -1.0148630e+00   2.2093277e-01  -1.0082365e-01  -2.2315159e-01   1.0010490e-01   1.0969419e+00
  -3.3067799e-01  -4.4833120e-02  -6.2798280e-01   1.2271950e+00  -9.4361711e-01  -6.9590628e-01  -7.3804861e-01   2.6240629e-01
   1.1475831e+00  -6.8154263e-01   1.5261349e-01  -1.1327909e-01   1.1934511e-01   2.6850933e-01  -9.8246461e-01   1.0634152e+00
  -6.1462653e-01   1.3781290e+00  -1.9555753e-01   4.8183149e-01  -4.3459606e-01  -8.5782999e-01  -6.9401270e-01  -2.1492052e-01
  -9.6478023e-02  -1.3910965e+00   3.5454130e-01  -3.5817075e-01   3.0296215e-01  -2.0631799e-01   1.0168201e+00   7.9578912e-01
  -5.0214845e-01   1.2684523e+00  -3.0533102e-01  -6.7679465e-01  -1.0589136e+00  -2.7320346e-01   5.2220839e-01   3.4490269e-01
  -4.4190940e-01  -5.1972371e-01  -4.9867910e-01  -2.4515294e-01   4.3595064e-01   3.2073951e-01   1.3279521e+00   1.0814059e+00
  -5.0926054e-01   6.7549729e-01   8.3685929e-01   8.1242132e-01  -3.9873660e-01  -1.1367326e+00  -1.4524469e-02   6.8748283e-01
