  -7.6813862e-02  -1.1729081e+00   5.1005596e-01  -4.2227075e-01  -6.2592375e-01  -1.2174745e+00   1.3945571e+00   3.8417384e-01  -2.8783312e-01   8.5331552e-02  -9.4165349e-01  -1.8950762e-02  -4.6389326e-01  -1.4531353e-01
  -6.1851233e-01   9.0984190e-01   9.2755759e-01  -1.1188376e+00  -2.3549594e-01  -1.4834553e-01   3.4324315e-01   9.2220642e-02   4.3126568e-01  -1.1680589e-01  -9.4682628e-01  -6.4939702e-01  -1.2916049e+00  -5.3629392e-01
  -2.7394962e-01   7.8060424e-01   3.4722415e-01  -4.4667214e-01  -1.0962212e+00  -3.4560868e-01   6.9727609e-03   2.2626612e-01   4.4126856e-01   1.0132445e+00  -6.4139760e-01   3.9965089e-02   1.7216784e+00  -1.5681292e-01
  -1.0617200e+00   9.9543470e-01  -3.8264135e-01   6.4068091e-01  -6.0148460e-01  -2.9607028e-01   6.2636727e-01  -9.6454901e-01   3.3906376e-01  -6.7675841e-01   4.1149843e-01   1.4309819e-01  -1.3339084e+00   1.0371441e-01
  -2.8564975e-01  -1.2660977e-01   1.2650645e-01  -7.0715797e-01  -1.2287746e-01  -3.0852550e-01   2.6243594e-01   1.4835571e+00  -4.5786443e-01   4.6445048e-01   6.0142899e-01   1.3942916e+00  -1.0698287e+00   3.6130798e-01
  -2.9948640e-01   4.2692009e-01  -3.4914237e-01   9.3122929e-01  -5.3231174e-01   1.5083886e+00   8.2514703e-01  -2.1574141e-02   1.3745685e-01  -1.1364957e+00  -3.6708614e-01   6.2172365e-01   3.5819203e-01   7.3411262e-01
  -5.1044494e-01  -2.1046680e-01  -4.3674496e-01   5.7834756e-01   1.2852066e+00  -5.5682832e-01   1.1148992e+00  -1.0656441e+00  -6.1116260e-01  -2.1090169e-01  -1.1696109e+00   3.8310338e-02   1.9518046e-01   6.2878981e-02
  -9.6481538e-01   1.4769382e+00   2.8679913e-01   1.0349364e-01   4.2236996e-01   7.6276851e-01   6.5060325e-02   8.4578359e-01  -6.0149038e-01  -6.4789069e-01  -8.4860325e-01  -6.3425523e-01   5.3444451e-01  -3.5416633e-01
  -1.8721598e-01   3.7414584e-01   9.7676283e-01  -6.0046744e-01  -8.3503544e-01   1.0718998e-01   2.7984995e-01  -1.6520663e-01   1.3491340e+00  -5.0172216e-01  -5.8422875e-01   1.4285878e+00  -1.8473493e-01   4.5580128e-01
   9.6265823e-02   4.1202852e-01  -1.3679723e+00  -3.0381361e-01   4.3529045e-02  -5.7592338e-01  -1.0581802e+00   8.5864812e-01  -5.4743297e-02   1.2726760e+00   4.8952767e-01  -3.8694650e-02   3.0789903e-04   8.9603275e-01
   9.0095550e-01   1.2568538e+00   2.3455708e-01  -3.7272581e-01  -1.2385459e-01   3.9996159e-01  -7.7830410e-01  -8.3574682e-02  -7.6025613e-02   1.1519650e+00  -5.8738428e-01  -1.3787805e+00   9.5027067e-02  -1.9676429e-01
  -6.0016807e-02  -6.3364589e-01  -5.1440161e-01  -3.7507129e-01   9.7293818e-01   6.9329816e-01   1.2021502e+00   7.0066398e-01  -1.1968976e+00   2.8036112e-01   1.9775681e-02   3.6931416e-01   4.2272496e-01   9.9979556e-01
   3.5138533e-01   1.1878093e+00  -1.1082454e+00  -6.3163787e-02  -6.5871012e-01   1.7952541e-01   4.6995443e-01   1.5040469e+00   2.1786766e-01  -2.3449139e-01   3.8836539e-01   6.6553122e-01   5.9664577e-01  -4.8176724e-01
  -6.7626411e-01   3.4437809e-02   1.1272883e+00  -7.7420250e-02  -1.0590746e+00  -7.9906368e-01   8.9334762e-01   1.4178170e-01   5.3411502e-01   7.5303274e-01   1.2433872e+00  -1.1537205e-01  -5.1760787e-01  -8.2565375e-02
   4.7241306e-01  -6.1200547e-01   3.4252995e-01   3.7218001e-01  -9.6061391e-01   8.4390390e-01  -1.4036163e+00  -4.8962307e-01  -8.2776731e-01  -5.9630162e-01   2.4334291e-01  -4.3189041e-02   5.5421203e-01  -9.4477582e-01
  -1.2613076e+00  -2.7341396e-01  -5.8532551e-02   1.2069745e+00   7.8693157e-01  -3.1434751e-01  -9.3439054e-01  -6.1386722e-01  -5.5205613e-01  -1.1101255e+00   4.1416386e-01  -2.1081881e-01   3.8958237e-01   3.5286631e-02
  -6.9362104e-01  -4.6280062e-01   3.8318053e-01   4.3531233e-01  -1.2137485e+00   1.1083420e-01   3.6235327e-01   1.3820401e+00  -1.1058693e+00   2.5147510e-01   5.3035623e-01  -3.1054395e-01   7.7110088e-01   4.2787778e-01
  -1.7263372e-01  -3.1785138e-02   5.2301872e-01   1.7994700e-01   9.8211539e-01   2.8761646e-01   9.2543823e-01   2.2250513e-02  -1.6199103e-02   8.4700203e-01  -3.2411838e-01   1.5293233e+00   5.4664838e-01  -1.1395923e+00
  -7.5086921e-01   2.8702968e-01  -3.2944831e-01   1.5707660e+00  -6.6928846e-01   9.5404483e-02  -6.3428533e-01   8.4722215e-01   9.1356027e-01   7.6336610e-01   7.9489686e-02   8.1898415e-01   1.2540603e-01   3.0118841e-01
  -7.0201319e-01   5.5473840e-01   9.4945049e-01  -7.2570097e-01   3.6930254e-01   6.4095694e-01  -7.6087707e-01   5.4640472e-01   6.0473901e-01   4.6513149e-01  -3.2155600e-01  -4.8291525e-01   2.3936622e-01   1.5397028e+00
   3.5049826e-02   2.5970083e-01   1.3537246e-01   1.4608169e-02  -8.1703931e-01   4.1905057e-01  -6.6116804e-01   7.3444003e-01   1.8440257e-01   2.4311537e-01  -1.4557469e+00   5.3635424e-01  -2.1067591e-01  -1.5964702e+00
  -4.0579137e-01  -1.1564910e-01   8.5837007e-01   3.5017592e-01   9.1411012e-01  -1.5166951e+00  -5.5370849e-01   9.7625013e-03   4.3501833e-01  -3.9538151e-01  -1.0971793e+00   7.1201748e-01  -6.2580824e-01  -2.6816475e-01
   1.1935871e+00  -4.2080599e-01   7.4717933e-01   7.7320710e-02  -5.5105370e-01  -9.6219367e-01  -5.3511149e-01  -6.6919559e-01  -4.2196596e-01   3.5582814e-02  -7.2055060e-01   1.1152773e+00   9.5649314e-01   1.1461070e-01
  -7.9676265e-01  -1.3254254e+00  -6.7881930e-01  -1.0675430e+00  -6.7925048e-01  -7.7914804e-01  -6.9157487e-01  -2.3836963e-01  -5.7247990e-01   8.2296424e-02  -4.1240072e-01   1.1085515e-01   7.4421626e-01   5.7766485e-01
   7.9629332e-01  -1.4607381e+00   5.4186448e-02   2.9088709e-01  -1.6180038e-02  -1.0715649e-01   3.8331801e-01  -1.2695931e-01  -4.4134209e-01  -1.3932300e+00  -5.1672339e-01  -6.1154139e-01   3.8436657e-01   1.0223587e+00
   1.2922424e+00   7.6257539e-01   1.8000166e-01  -6.1474603e-01  -1.0740170e+00   4.5300087e-01   1.4468363e-02   7.8157671e-02   4.6295017e-01  -1.3303070e+00  -7.2791743e-01  -4.4424579e-01   3.6178875e-01  -3.6205763e-01
   5.7076752e-01   1.3725044e-01  -7.1846479e-01  -3.0078711e-03  -4.3053964e-01  -9.4978386e-01   7.7016816e-02   8.1084305e-01  -1.1117262e-01  -1.3048826e+00  -1.0300509e+00   6.8340057e-01  -8.9307821e-01   5.8959812e-01
   9.2538059e-01   7.4908835e-01  -6.1258441e-01   9.9812615e-01  -3.6658368e-01  -2.9439598e-01   7.4655420e-01   2.7683017e-01  -9.4646877e-01  -7.7768847e-02  -8.3793598e-01  -7.6890427e-01   9.3110269e-01   5.4206789e-01
   9.6015328e-01   5.7326603e-01   8.6363083e-01  -1.4687815e-01  -3.0067119e-01  -1.4491963e+00   5.5012786e-01  -8.0459297e-01   5.2969074e-01  -3.9377978e-01  -2.9734167e-01  -6.1692917e-01  -4.5729119e-01   8.5304952e-01
  -1.5070061e-01   5.3719318e-01  -7.5994141e-02  -4.8195368e-01  -4.0581423e-01  -7.5791436e-01  -1.5641037e-01  -1.0463459e+00  -1.3741426e-01   1.3610575e+00  -1.2399790e+00   7.4201620e-01  -5.9309328e-01   5.3007400e-01
  -7.2740722e-01  -1.4478350e+00   4.7058600e-01   2.3485945e-01  -1.6174373e-01  -5.6404918e-01  -5.8291328e-01   8.3249301e-01  -7.5185210e-01  -4.0625229e-01   2.9403672e-01  -2.0692050e-01  -7.1543211e-01  -1.1616620e+00
   1.0850521e+00   3.0523062e-01  -9.0914249e-01  -1.0084276e+00   3.2550162e-01  -3.2968286e-01   3.0329761e-01   3.7416336e-01   1.0650787e+00  -4.2631471e-01   1.1842463e+00  -5.8321971e-01  -6.1424309e-01  -5.8180589e-02
