   1.3761464e+00  -1.1741664e-01   1.3369064e-01   6.2596142e-01   4.7991347e-01   6.7261893e-01
   1.9950023e-01  -2.2031264e-01   8.9033753e-01   4.9934134e-02   9.0219957e-01  -1.1412729e+00
  -7.9728210e-01   1.5705106e-01  -7.8954870e-01   2.4973150e-01  -9.9281394e-01  -8.1746167e-01
   2.7105170e-01   7.0417738e-01   5.1340736e-02  -3.4278056e-01  -9.7248316e-01  -1.1682496e+00
   2.3599891e-01  -3.5235053e-01   1.0622843e-01   1.5844308e+00  -4.9638599e-01  -2.2814324e-01
   5.3276569e-02  -5.3402483e-01   1.1786078e+00  -6.4693594e-01  -8.9790690e-01  -3.1320816e-01
   4.3575573e-01  -1.8619953e-01  -1.1349180e+00  -6.3163537e-01  -4.3731019e-01   9.4720870e-01
   9.4894314e-01   1.7040545e-01  -6.6698056e-01   9.8487693e-01  -6.4073563e-01  -4.9505672e-01
   9.0009534e-01   4.2944652e-01   2.8410387e-01   3.7400979e-01   1.2546538e+00   4.5896560e-01
  -7.4305373e-01   6.7832030e-02   9.1035509e-01  -8.6294222e-01  -9.0238631e-01  -2.3569742e-01
  -3.3822075e-01   9.8111719e-02   9.1303384e-01   1.4159908e+00   8.7485172e-02  -1.7223890e-01
   1.6632769e-01  -1.6322490e+00  -2.8192499e-01   1.6531414e-01   1.8491152e-01   4.0877339e-01
   1.2114073e+00   9.2237480e-02   9.0872836e-01   3.1607211e-01  -5.9825426e-01   4.9029362e-01
  -8.1937522e-01   3.7846598e-01   8.9596754e-01   5.6132746e-01   9.3043596e-01   4.4925520e-01
   7.2478193e-01  -5.8611304e-01   6.6131133e-01  -5.6771766e-02  -1.2820622e+00  -2.1661814e-01
  -1.4440164e-01   2.2431447e-01   1.0269903e+00   2.8553602e-01   1.2967449e+00  -3.3323249e-01
  -2.3318765e-01  -4.0264204e-01  -7.4928336e-02   1.1023954e+00   1.1913192e+00  -3.7864459e-01
   2.6875386e-01   9.2060035e-01   8.6290824e-01   9.6519798e-01   1.2871927e-01   6.2247854e-01
   4.0827173e-01  -1.2348813e+00   6.7360467e-01   1.7195050e-02   3.3794111e-01  -8.6031312e-01
   1.2449979e+00   9.3989193e-01   5.6922525e-01   4.1611321e-02  -1.7687489e-01   4.5776635e-01
  -7.0733571e-01  -6.6876155e-01  -7.8381747e-02   2.8346676e-01   1.3693330e+00   3.0143723e-01
  -2.7941084e-01  -8.5326928e-01  -1.3329610e+00   3.8324133e-01   5.1769179e-01   4.6880286e-02
   1.0354909e+00   6.1769888e-02  -7.6274282e-01  -2.1160041e-01   1.1293375e+00  -1.4828412e-01
  -1.2086865e+00   9.4989634e-01  -5.9277302e-01  -2.8936520e-01   4.4579056e-01  -5.4157257e-02
  -7.6673108e-01   6.6155426e-02  -2.6435152e-01   8.4442592e-01   5.7932734e-01  -1.1354251e+00
   2.8752244e-01  -7.3840266e-01  -2.5138327e-01  -5.1569360e-01   6.7760003e-01   1.2584982e+00
  -3.9896122e-01   8.8478923e-01   3.0370870e-01   1.3896176e+00  -8.8974684e-02   1.6366266e-01
   6.7676711e-01   6.8255626e-02   1.3187999e+00  -7.3808336e-01  -7.0085235e-02   4.9841279e-01
  -6.3511766e-02   1.0072855e+00  -5.4159302e-01  -8.7060618e-01  -4.6844319e-01  -8.4298587e-01
   2.3123196e-01   2.6208740e-01   6.4532727e-01   1.2677296e+00   9.0458971e-01   1.8966609e-01
   4.3195260e-01  -5.2284986e-01  -1.0933830e+00  -2.6308662e-01  -3.2498646e-01  -1.0815396e+00
  -2.2478344e-01   4.1971177e-01   1.2666149e+00   1.9757083e-01  -1.0470783e+00   1.8328807e-01
   3.8450170e-01  -6.5422827e-01   7.5686926e-01  -4.4733235e-01   1.2556784e+00  -2.7287021e-01
  -1.0817797e-02  -7.7239037e-01   8.5322636e-01   1.1478509e+00  -4.2627966e-01   4.1955292e-01
  -6.3695616e-01  -9.5781553e-01   1.2154801e+00   6.2316703e-03  -4.0893820e-01  -1.7948575e-01
   3.2203862e-01  -4.7091293e-01  -9.1005355e-01  -1.0606256e+00   6.1046201e-01  -5.9054601e-01
  -1.7096716e-01  -1.4844592e+00   6.7403650e-01  -3.8478810e-01  -3.4515187e-01   2.1362223e-01
  -4.8849511e-01  -5.3292215e-01  -9.0656638e-02   6.0169649e-01  -1.1452113e+00  -8.9196414e-01
   2.4512306e-01   2.6671022e-01  -1.6085386e-01   1.6472484e+00   3.3920321e-01  -1.2008634e-01
  -2.3959348e-01   4.4679591e-01  -3.5838604e-01   4.4534543e-01  -1.0919784e-01   1.5505712e+00
   9.8166680e-01  -1.0814736e+00   1.3512023e-01   6.8476140e-01   5.6441629e-01   2.4702959e-01
  -5.9989673e-01  -8.4721589e-01   2.6710218e-01   1.3566887e+00   7.6212294e-02   6.7769065e-02
   9.8290086e-01  -1.0183476e+00  -3.0773034e-02  -5.6144077e-01   6.2537855e-01   5.3815681e-01
  -1.2186508e+00  -4.5801634e-01  -9.0447061e-02  -5.9814766e-02   1.0263743e+00  -4.8980424e-01
   1.0093725e+00  -7.4810916e-01  -7.1229804e-01   4.5246708e-01  -2.1615241e-01  -8.1405342e-01
   3.5597077e-01  -1.4396737e+00   5.8275245e-02  -8.0253810e-01   5.5328976e-02   3.8742715e-01
   1.3653566e-01  -1.7607452e-01   8.8886537e-02   1.0513732e+00   5.0410134e-01   1.2581538e+00
  -1.5852800e-01  -5.3131975e-02   3.4712458e-01   1.5527120e+00  -3.0738501e-02   6.6309220e-01
  -3.9258838e-01  -7.0344694e-02  -2.8712523e-01  -3.8677129e-01   1.3968332e+00   8.1101799e-01
   1.0473672e-01   1.2138234e+00   4.7120574e-01  -3.3639607e-01  -1.0171050e+00   3.8205150e-01
  -6.5584630e-01  -7.9458839e-01   1.8835551e-01   1.5449502e-01  -1.2867936e+00   4.7255757e-01
   1.5076526e-01   4.5809561e-01  -1.3466598e+00  -8.0687618e-01   2.3704340e-01   4.9667588e-01
  -8.8434660e-01  -3.3444208e-01  -7.2175615e-02   3.4924302e-01  -1.0956480e-02   1.4066911e+00
  -5.8438516e-01   5.1961726e-01  -6.9323516e-01   1.3494012e+00  -2.6578286e-01  -1.2803379e-01
   2.3795126e-01   3.6626846e-01   3.0020788e-01  -5.5178118e-01   6.9160253e-02   1.5523711e+00
  -6.6559486e-02   3.5569140e-01  -8.8105297e-01  -1.0088619e+00  -8.6953992e-01   5.6470996e-01
  -7.3457414e-01   8.9403063e-02   5.1917303e-01  -1.1526293e+00  -3.6726898e-01   8.4819007e-01
   7.8180838e-01  -1.2698117e+00  -2.3859744e-01  -1.9074900e-01   7.5108957e-01  -3.4482548e-01
   7.5416309e-01  -5.4202443e-01  -6.8203878e-01   1.6702625e-01  -7.1378934e-01   1.0653067e+00
   2.9711144e-02   4.5834437e-01   1.0362505e+00  -2.1558022e-01   2.0095269e-01  -1.2760743e+00
   1.0566847e+00  -5.6861091e-01   1.1609974e+00   3.2513399e-02   3.1234431e-01   3.3699766e-01
   1.1048015e+00   4.7145164e-01  -7.4396402e-01  -3.3288667e-01  -9.3728912e-01   1.1974971e-01
  -2.4504727e-01  -6.8711722e-01   7.5609869e-01  -7.1318841e-01   7.0889163e-01  -9.4072938e-01
  -1.2680423e+00   3.0452538e-01   4.7666919e-01   1.8660598e-01  -3.6201063e-01  -9.5196950e-01
