   3.3215669e-01  -5.7235051e-02   1.5843906e-01  -1.2526856e-01   1.4470524e+00   8.6697197e-01
   6.0440135e-01  -6.3925731e-01  -1.7031346e-01  -1.0355194e+00   2.0851655e-01   1.0398380e+00
   1.2646900e+00  -2.7760315e-01  -5.9306586e-01   5.4849362e-01  -2.2739412e-01   7.8690207e-01
   2.4110565e-01   9.7341400e-01  -5.6442720e-01   7.7560198e-01   9.2705601e-01   4.6342587e-01
  -1.9497631e-01   1.8059769e-01  -1.0819018e+00   9.2427468e-01  -9.4457173e-01   1.1116546e-01
  -1.0383588e+00  -6.0495430e-01  -4.0971449e-01   7.8058898e-01  -7.8480333e-01   4.0341070e-01
   4.2053762e-01   1.4035327e+00  -3.2177714e-01  -4.4040540e-01   4.9618393e-01  -5.5637050e-01
  -4.6941227e-01   1.1364157e+00  -6.8293422e-01   3.1869975e-01   7.1756923e-01   6.3666099e-01
   1.0032760e-01   6.0822326e-01  -9.2296338e-01   1.2891366e+00   3.1973243e-01   6.3523158e-02
   5.5332732e-01   1.1397157e-01  -8.3851516e-01  -9.0357548e-01   5.8254427e-01   9.0660089e-01
   6.2542945e-01   5.9074724e-01  -6.9231045e-01  -8.6953342e-01   9.5814461e-01   3.2623985e-01
  -1.1836874e-01  -2.2278549e-01  -1.0874199e-01  -1.6426622e+00   4.5059279e-01   1.5217811e-01
   2.6778406e-01   2.2914752e-01  -4.0602654e-01   1.3248206e+00   4.0718544e-01   8.8880581e-01
   1.1677444e+00  -6.9507562e-02  -8.1717235e-01  -9.3664205e-01  -6.2329438e-02   2.8738120e-01
   8.0603164e-01  -7.3182482e-01   3.1659141e-01   3.7280264e-01   8.2348281e-01   9.4731700e-01
   3.9517169e-04  -6.6132462e-01  -5.2792853e-01   4.7381750e-01  -2.2684406e-01   1.4170320e+00
  -3.6061615e-01   7.6230735e-01  -4.0110165e-01  -5.8047199e-01   1.3372463e+00  -5.2781269e-02
  -5.7938796e-01   3.8104391e-01  -1.0175760e+00   3.0585032e-02   6.0858774e-01   1.0546752e+00
   5.8340335e-01  -5.6551069e-01  -4.6719711e-02  -2.9621777e-01   9.1825910e-02   1.4971569e+00
   4.9481693e-01   1.0468414e+00  -1.1044288e+00   4.5109573e-01   2.7024755e-01   4.0372631e-01
  -2.7176234e-01   1.3692245e+00  -9.9186420e-01  -2.4079746e-01   9.5957235e-02   1.9595126e-02
  -3.6880600e-01  -5.1745796e-01  -4.8531464e-01   6.6450983e-01  -1.0512395e+00   9.0222561e-01
  -1.2453896e+00  -5.2568138e-01   3.6510900e-01   4.1214496e-01   8.5385948e-01   3.7472641e-01
   1.4414907e-01  -6.7457068e-01   8.4191895e-01   4.7198722e-01   1.0682188e+00   6.7192596e-01
  -6.2720156e-01   4.1221485e-01  -5.0371683e-01   6.9021374e-01   9.7766972e-01   8.6644858e-01
  -2.1727054e-01   4.2647722e-01  -3.5306621e-01  -1.2788767e+00   9.8422343e-01   2.0502095e-01
  -1.9457354e-01   8.9050305e-01  -1.1851290e+00   1.1669724e-01   4.6947591e-02   8.6532801e-01
   1.5649544e-01   6.6450804e-01  -8.0944204e-01   2.0531274e-01   9.2979479e-01   9.8593622e-01
   9.7244716e-01   2.6849285e-01   5.5086352e-02  -6.4283907e-01   1.1886721e+00   3.9120337e-01
  -7.3624223e-01   1.5668197e-01  -1.2459388e+00  -6.9995373e-01   2.5079161e-02   6.2487626e-01
   4.2761165e-01   8.1984025e-01  -1.0912362e+00  -7.5927550e-01   5.4420739e-01  -2.8557390e-01
   1.0853643e+00   7.1872312e-01  -6.0821701e-02   2.4725369e-03   1.9702554e-01   1.1237866e+00
   1.4697860e-01  -4.5567623e-01  -1.0829772e-01   1.0444670e+00   6.9685358e-01   1.0874336e+00
  -2.5251147e-01  -7.3186791e-01  -2.3951787e-01  -2.6310167e-01   4.6750006e-01   1.4336874e+00
   1.0667485e+00   3.0823231e-01  -5.7822891e-02   8.6095798e-01   9.2576337e-01   4.0670744e-01
   1.6490550e-01   1.8662304e-01  -4.9232060e-01   6.5954745e-01   7.1971881e-01   1.3200759e+00
   5.8742231e-01   1.8514138e-01  -6.2053776e-01  -2.9464075e-01   1.1733364e+00   8.7866890e-01
  -6.3940048e-02   5.4619324e-01  -1.1290309e+00  -6.0383236e-01   2.9530230e-01   9.8542207e-01
  -1.5211976e-01  -9.1676766e-01   1.7427494e-01  -3.7603751e-01  -2.1001676e-01   1.3858261e+00
  -1.1320021e+00   8.7341464e-01   8.0917788e-01   4.6623784e-01   1.0989271e-01   2.6738611e-01
  -8.4581524e-01   5.6285626e-01  -1.1775358e+00   5.8320606e-01   1.5725771e-01  -4.6512243e-01
  -9.1936457e-01   6.4898020e-01  -5.4500979e-01   7.4215907e-01   9.4007045e-01   4.5002550e-02
   8.8697486e-02   1.4725253e-01  -1.4968592e-01  -7.7478474e-01   1.4116737e+00   5.9575951e-01
  -1.1843819e-02   7.5762844e-01   6.5262055e-01   6.6442215e-01   1.1648979e+00  -4.4888914e-01
   5.7411349e-01   1.7350154e-02   6.2669277e-01   1.0344540e+00   1.0936201e+00   1.0606169e-01
  -1.5542939e-01   6.6332650e-01  -1.3330419e+00  -5.8951443e-01  -6.3813567e-01   6.3989475e-02
  -2.1869338e-01   1.3338722e-01  -7.9201329e-01   6.6742319e-01  -4.5779876e-02   1.3636519e+00
   1.2445064e+00   2.8169918e-01  -8.6267078e-01  -1.4107603e-01  -8.2994305e-02   7.7515018e-01
  -2.6661691e-01  -1.7174548e-01   2.3322897e-01   8.2072431e-01  -7.0596361e-01   1.2934644e+00
  -4.1615906e-01  -7.4632543e-01  -2.8770614e-01  -1.0076622e+00   2.0218050e-01   1.0633789e+00
  -7.2903004e-03   2.8955242e-01   3.6214367e-01   5.3923670e-02   1.6652112e+00   9.5508352e-02
  -2.5696230e-01   1.9390205e-02  -4.1285682e-01   3.3367577e-03   1.1747197e+00   1.1760809e+00
   4.8753798e-01  -1.7135993e-01   4.1664174e-01  -6.1102772e-01   1.4767972e+00   7.1184963e-02
   3.2131290e-01  -1.2147869e+00   2.0292029e-03  -1.9430974e-01   4.4675112e-01   1.0879815e+00
   1.2392051e+00   9.7071600e-01  -6.0666102e-01   1.5721335e-01   1.7603897e-01   3.1358823e-01
  -5.6286031e-01  -3.1768495e-01  -4.9906933e-01   3.5057607e-01   5.0045037e-01   1.3999429e+00
  -1.0654200e+00   6.4378238e-01  -1.0617926e+00   2.2358610e-01   4.5799154e-01   2.5154233e-01
   7.9902023e-01   7.4203539e-01  -4.9888536e-01   1.8665689e-01   1.1429858e+00   4.6989992e-01
   1.2928613e+00   4.3378633e-01  -4.4522813e-01  -3.7483111e-01   6.4896339e-01   6.1681378e-01
  -7.2373277e-01   1.4033273e-01  -2.8608641e-01   1.0199928e+00   2.1552341e-01   1.1348288e+00
  -7.0740962e-01  -1.2978572e+00   5.1495826e-01  -7.1442425e-01   1.9823538e-01   1.6036619e-02
   1.3355102e-01   3.6691508e-01   8.3835888e-01  -9.9674922e-01   9.3708390e-01   5.2254808e-01
  -7.4256170e-01   2.3530906e-01  -3.7258708e-01  -3.1790596e-01   1.3499203e+00   5.7537937e-01
   9.6348625e-01   3.6577758e-01  -2.3393875e-01  -1.2764001e+00   5.0396085e-01  -5.2223093e-04
   3.2586864e-01  -1.1879952e+00  -4.6892527e-02  -8.2081199e-01  -2.6791358e-01   8.5718614e-01
  -1.9877708e-01  -3.8618326e-02  -1.1200256e+00  -1.8367802e-01  -2.0679446e-01   1.2759455e+00
  -7.4034715e-01   9.3084890e-01  -9.1836458e-01  -5.1220250e-01   4.5488241e-01   5.2224886e-01
   9.4357824e-01  -2.7882574e-02  -5.0841886e-01  -2.4569994e-01   5.0475639e-01   1.2390504e+00
  -4.2811543e-01  -1.6211262e-01  -8.0891728e-01  -6.9506961e-01   4.9716169e-01   1.1856635e+00
   1.5881284e+00   2.2940810e-01   5.4315728e-01   2.5207430e-01   2.5210759e-01  -5.5679005e-02
   3.7663063e-01   5.5728710e-01   3.6054102e-03   6.9899350e-01   1.1883465e+00   8.0424380e-01
  -2.5688356e-02   5.8448386e-01  -3.2453009e-01   6.2655829e-02   1.4945217e+00   5.6113976e-01
   4.5778647e-01   7.0680094e-01  -1.5333630e-01   1.3327084e+00   6.4887685e-01   2.6495099e-01
   4.9673054e-01   6.6908187e-01  -2.5035042e-01  -3.5272834e-01   1.4549299e+00   4.0915724e-02
   1.5387250e+00   5.7794404e-01  -2.1343644e-01   2.5926349e-01   2.7168038e-01  -3.3425012e-01
   1.2935528e-02   1.1190386e+00  -4.8166940e-01   2.4830101e-01   1.1974870e+00  -1.4125015e-01
   8.2109833e-01   7.9232955e-01  -7.0213360e-01   7.6460326e-01   1.1340687e-01  -7.7944887e-01
   4.2592984e-01   6.9124407e-01  -1.2898206e+00  -3.3888438e-01  -3.1265214e-01   6.8156737e-01
   1.0220124e+00   9.6863854e-01  -3.8109753e-01   1.5818720e-01   4.8129117e-01  -7.8443033e-01
   1.0720521e+00  -3.8782066e-01   3.9857680e-01  -9.3906659e-01   8.0610728e-01   9.8896876e-02
  -1.1932971e-01   3.3069962e-01  -8.7912154e-01  -1.3145394e+00   3.9845175e-01   4.6558115e-01
  -1.9093682e-01   3.5920739e-01  -8.1806433e-01  -6.5665257e-01   1.0597464e+00   7.8168344e-01
  -2.1829952e-01   9.4909668e-01   2.0106319e-01   8.1211752e-01   1.1223923e+00   3.0304286e-01
  -1.0056052e+00   1.1023269e+00  -7.0129645e-01  -2.0885949e-01   3.2020491e-01  -3.6832511e-01
  -9.5105857e-01  -7.9041827e-01  -2.1954687e-01  -9.0752900e-02   7.7335916e-02   1.1867217e+00
   1.6108911e-01  -2.9908821e-01  -2.3821200e-01  -6.6832066e-01   9.0235436e-01   1.2517811e+00
  -9.1990572e-01   4.4749320e-01  -3.9541233e-02   1.2196883e+00   4.7876135e-01   4.8487911e-01
  -1.0102044e+00  -2.6962239e-01  -1.9908686e-01  -4.0444683e-02   9.3418735e-01   9.9640030e-01
   4.2446741e-01  -1.5835449e-01  -8.4587407e-01  -6.8862712e-01  -7.6750249e-02   1.2645751e+00
  -7.3946297e-01   3.1379971e-01   5.3032864e-02  -1.5060805e-01   1.5197644e+00  -1.3980265e-01
  -6.8166232e-01   3.9252630e-01  -6.7287117e-01  -1.3016946e+00   3.8419411e-01  -2.9409114e-01
   9.2680365e-01   1.7522046e-01  -5.5830639e-02   1.9985272e-01   1.0252874e+00   1.0079983e+00
   2.4100259e-01   1.7158978e-01  -1.2491531e+00  -1.0190904e+00  -3.0042848e-01   4.7253412e-01
  -1.2522305e+00  -2.5913548e-01  -4.3427223e-01  -7.8539765e-01   1.1398410e-01   7.3914367e-01
  -2.5840616e-01  -3.6695051e-01   2.3894048e-01   4.6934715e-01   1.2614164e+00   9.6437705e-01
   1.0616741e+00  -9.2508614e-01   3.3022860e-01  -6.2356251e-01  -4.3287331e-01   5.7602370e-01
   6.8270606e-01   1.4602821e-01  -1.3890080e-01   1.3933252e+00  -3.9748132e-01   6.2765288e-01
   1.8269673e-01   6.3510694e-02  -9.1737586e-01  -1.3603359e-01   5.5559069e-01   1.3393370e+00
  -5.6622797e-01  -1.2102412e-01   4.9722880e-02   1.0944304e+00   8.9295906e-01   8.1676966e-01
  -2.2943793e-01   1.2656406e+00  -9.5180506e-01   6.3649279e-01   2.2063676e-02   1.8430836e-01
   7.2306645e-01   5.4220203e-02   2.6980108e-01   3.9769682e-01   1.4516853e+00   3.6863148e-01
   8.3037579e-01   1.1354633e-01  -7.4871182e-02  -7.2662896e-01   1.2106028e+00  -5.4628646e-01
   1.2425230e+00  -3.4214035e-01  -1.0421932e-01   7.6143932e-01   4.7621310e-01   7.2225088e-01
   2.8098663e-02  -4.7323763e-01   2.8217521e-01  -1.1127251e+00   1.1462477e+00   3.7893632e-01
   1.3658451e-01   9.6234900e-01  -9.5829380e-01  -3.0488786e-01   9.4599378e-01   3.8605848e-01
   1.4918520e+00   1.2057608e-01  -4.5437130e-01  -7.7278487e-02  -6.8221772e-01   2.8634393e-01
   1.5026383e+00   2.3311479e-01   3.4834828e-02  -6.9325221e-01  -6.0026754e-02   4.4980031e-01
   1.1825189e-01  -4.9633065e-01   7.6407290e-01   1.0458699e+00   3.4124178e-01   9.7240692e-01
   4.3551239e-01   1.2342583e+00  -1.0133266e+00   3.2815959e-02  -5.0859034e-01  -1.9067409e-02
  -5.4966027e-01  -7.1329840e-02   3.7505814e-01  -2.8609195e-01   1.3849601e+00   7.4307036e-01
  -5.6396592e-02   5.0071824e-01  -1.2607349e+00   3.0855045e-01  -7.4075133e-01   7.1605295e-01
   1.0748235e+00   5.3543800e-01  -3.7637493e-01  -8.0945587e-01   3.7735868e-01  -7.8662843e-01
   6.9255430e-01   5.4457164e-01  -1.1856606e+00   5.4337013e-01  -6.0705924e-01   3.9274308e-01
   4.0662462e-01  -1.1980981e+00   7.7888884e-02   4.0899541e-02  -8.3351058e-01   8.3470821e-01
   1.1775585e+00   2.1571697e-01  -8.1034076e-01   3.5454527e-01   6.5408325e-01  -5.9719545e-01
   3.3060527e-01  -4.2467725e-01  -2.0339523e-01   1.8859923e-01   7.6116991e-01   1.4331889e+00
   6.9122338e-01   1.2164620e+00  -8.4976208e-01  -1.7480181e-01   5.3727996e-01   3.3307362e-02
   1.2063115e+00  -4.1417128e-01   9.0051311e-01   3.4943357e-01   2.3114760e-01   6.2194687e-01
   9.6372402e-01   1.0597703e+00  -3.0855119e-01  -7.5922716e-01   5.2434474e-01  -3.9443817e-02
   5.4500610e-01   3.2213792e-01  -9.5301646e-01   2.3756970e-01  -7.2658397e-02   1.2764153e+00
  -1.2583393e+00   3.3384850e-03   1.9041155e-01  -2.4983177e-01   1.1030990e+00   3.1791738e-01
  -7.5988162e-01  -5.6536306e-02  -1.1876351e+00   3.2857203e-01   8.2021618e-01  -4.7769484e-01
   8.4719723e-01  -1.8682906e-01  -2.2558637e-01   5.5027878e-01   2.2716162e-01   1.3572228e+00
   7.2477096e-01   6.6304594e-01  -1.0123712e+00  -2.0465063e-01   5.0078338e-01   8.4706312e-01
  -1.1929364e+00   3.9009854e-01  -5.3675836e-01  -2.6687261e-01   6.3401061e-01   8.1450951e-01
   1.1947986e+00  -5.6423420e-01   3.5817906e-01   4.6955019e-01  -9.5137000e-01  -1.4886384e-02
   7.1682072e-01  -1.1806356e-02  -9.7944938e-02  -1.2411238e+00   6.8658149e-01   6.8165469e-01
   4.1401637e-01   5.9945673e-01   9.2192311e-03   8.0044866e-01   1.3486747e+00  -9.7546890e-02
