  -8.3862966e-01  -3.3255571e-01  -2.4081898e-01   1.0624810e+00  -8.7621433e-01  -4.8114020e-01
  -1.0378885e+00  -3.2173127e-01   1.0639721e+00   4.7339830e-01  -3.9144974e-02  -6.7941266e-01
   3.9496315e-01   1.0598677e-01  -1.7715244e-01  -1.7989528e-03   1.6363802e+00   3.5163113e-01
  -4.4523057e-01   1.3708062e+00   5.3664106e-01   7.8438860e-01   3.8307033e-02   1.3395455e-01
   3.5812333e-01  -1.1617899e-02  -4.1921088e-01   7.8855824e-01  -1.4343437e+00   1.2926097e-01
   4.8134094e-01   8.4468162e-01   1.7476746e-01   1.1819499e+00  -5.0895482e-01  -6.0682774e-01
  -1.0474772e-01   5.3175467e-01  -3.3603764e-01   2.9858333e-01   9.6554327e-01   1.2537616e+00
   2.8717987e-02  -5.0160307e-02  -8.9986074e-01  -1.9533230e-01  -1.0303040e+00   1.0427027e+00
  -1.1748537e+00  -8.2378119e-02  -9.4216537e-01   4.8970920e-01  -6.9650304e-01  -1.8035088e-02
  -8.2804811e-01   3.5817344e-02   5.0321472e-01   3.8505509e-01  -9.7899818e-01  -9.7628039e-01
  -9.6336395e-01   3.0418545e-01   9.1775008e-02   8.9385509e-02  -1.4008263e+00   2.5973402e-02
  -3.0792752e-01  -1.0294648e-01  -3.3293325e-01   2.2329852e-01  -3.9093503e-01   1.6065633e+00
  -1.0806029e-01   8.4141970e-01  -6.5895271e-01  -7.7265316e-01   1.1175164e+00  -1.6787916e-02
  -1.1528515e+00  -3.8895443e-02   7.2461355e-01   8.4932035e-01   5.3505784e-01  -3.6976165e-01
   5.2692775e-02   1.0135416e+00  -8.6492759e-01   5.3609800e-01  -8.7923974e-01  -4.0173751e-01
  -1.6374157e-01  -5.4092366e-01   5.9288996e-01  -4.9021695e-02   1.4138130e+00   5.7253951e-01
  -1.8492439e-01   5.4695450e-02   5.9216148e-01   4.4876933e-02   2.7773520e-01   1.5915419e+00
  -1.0455805e+00  -6.2793630e-01  -6.0418729e-02   7.8276676e-01   4.4965646e-01   8.3300203e-01
  -7.0984769e-01  -8.6314428e-01   4.0425855e-01   3.0858636e-01   6.0152614e-01   1.0633031e+00
  -1.2762122e+00   9.7366536e-01   1.4322826e-01  -8.0871649e-02  -6.0087693e-01   1.8748535e-01
  -9.5665741e-01  -1.0586313e+00   4.5208374e-04   5.7628745e-01   7.3591626e-01  -3.0070910e-01
  -1.0931225e+00  -1.6500074e-02  -3.3669421e-01   8.8331109e-01   7.3833913e-01   6.0503286e-01
   2.5250286e-01  -1.1486075e+00  -1.0483940e+00   1.4215863e-01   6.8774241e-01   1.5689145e-01
  -5.6718361e-01   4.9568120e-01   7.2585773e-01  -1.2717780e+00  -2.6809350e-01   4.6523151e-01
  -2.6917598e-01   7.9148901e-01   1.2720032e+00   4.2627931e-01  -5.1863216e-02   7.0618248e-01
  -8.2603633e-01   3.3852494e-01  -9.0982902e-01  -1.4157608e-02  -4.6383193e-01  -1.0770032e+00
   8.9949211e-03   8.9984608e-01  -1.8836406e-01   1.1261352e+00   8.4571940e-01   4.1387615e-01
  -7.7782011e-01   1.3173449e+00   6.0182118e-01  -3.3645278e-01  -3.5412386e-01  -2.4249925e-01
  -1.3111420e+00   4.8921738e-02   2.1823290e-01   8.1789666e-01   7.3285908e-01   1.5763874e-01
  -7.3476744e-01  -4.6810654e-01  -8.2420731e-01   5.0411499e-01   4.1942024e-01   1.0637810e+00
  -1.1833152e-01   3.8661963e-01   6.8866497e-01  -4.9891990e-01  -9.5261298e-02   1.4506094e+00
   8.5398579e-01   4.6502325e-01   1.1175275e+00  -3.9913222e-02   7.1583152e-01   5.3998739e-01
  -7.6341927e-01   2.8177349e-02  -1.2255887e+00  -1.0124931e-01   2.6477975e-01   9.1321951e-01
  -9.8366630e-01   8.4861737e-01   1.6799597e-01   9.5498073e-01  -3.7611827e-01   4.8018023e-01
  -1.4447726e+00   2.6144522e-01  -2.2552850e-02   2.3904148e-01   5.4038548e-01   7.0328712e-01
  -1.0597183e+00   1.0729339e+00  -5.4896849e-01   4.2951819e-01   4.8660180e-01   5.6361206e-02
  -5.1512295e-01  -7.6291722e-01   9.1225222e-02   1.2733531e+00  -6.4407551e-01   3.2866704e-01
   6.0558057e-01  -1.0093284e-02  -6.1602360e-01   1.3315076e+00   6.6337842e-01   2.0174819e-01
  -9.5879704e-01   5.3154700e-02  -3.9298218e-01   3.1106675e-01   7.8732967e-01   1.0985434e+00
  -8.9274508e-01  -3.6259267e-01   1.4071696e-01   9.1584975e-01   1.0650883e+00   2.8024581e-01
   1.2109697e-01   4.0160334e-01   3.3281334e-02   8.3714801e-01   1.3907837e+00   4.3341261e-01
   8.7682217e-01  -3.6045754e-01  -7.8321946e-01   1.0601735e+00   2.1672493e-01   5.6292319e-01
  -7.0720889e-02   9.1248006e-01  -1.2205660e+00  -1.4153877e-01  -2.8155795e-01   7.5715852e-01
   2.3619860e-01  -8.8315243e-01   1.1153034e+00   6.5179741e-01  -2.5539109e-01   6.5596217e-01
   5.4633409e-01   2.3149528e-01  -9.3177247e-01   1.0454980e+00  -3.0991527e-01  -7.6851505e-01
  -1.3149544e+00   2.0745608e-01  -1.0876871e-01   6.1182719e-01   7.5187898e-01  -5.2571094e-01
   7.9711229e-01  -8.3614224e-01  -4.6503291e-01   9.3657613e-01  -3.7810043e-01  -6.5504783e-01
  -7.5814158e-01   7.5030977e-01   4.9909675e-01   4.1234824e-01  -6.0230249e-01  -1.0394038e+00
   1.0977571e+00   2.1247415e-01  -7.8736776e-01   1.0616593e+00   3.6211874e-02  -3.7471216e-02
   1.4566320e-02  -5.7107079e-01  -3.7311956e-01   5.5978662e-01   1.4667542e+00  -2.6404375e-01
   1.1312326e+00   7.9835057e-01  -1.6162232e-02  -7.9797280e-01   6.1521506e-01   2.5968719e-01
   9.9788296e-01  -7.4198347e-01   5.4950136e-01  -2.8777331e-01   9.9530375e-01   2.7981329e-01
  -8.4669417e-01  -1.2758781e-01   1.2154320e+00  -1.9695030e-01  -8.5324138e-01  -1.5081291e-01
  -9.1095346e-01   6.3078898e-01   1.5015690e-01   1.2074183e+00   7.0731677e-02  -5.3559369e-01
   2.1390961e-01  -1.4782692e+00  -3.6600675e-02  -7.8865565e-02  -8.3476537e-01   2.5410813e-01
   1.8843400e-01  -3.5455745e-01   1.2977484e+00   5.3770095e-01  -1.7769687e-01  -9.1319889e-01
  -3.9984655e-01   1.5191920e+00   5.3683257e-01   7.1632895e-03   4.6967638e-01   1.5278132e-01
  -7.0360816e-01   3.9930499e-01   7.0590985e-01   9.6070951e-01  -3.2367241e-01   9.0523791e-01
  -7.5735182e-01   1.1169819e+00  -3.4630400e-01   8.1479543e-01   3.9235845e-01  -4.9092412e-01
  -2.9873061e-01  -1.3673961e+00   7.3148012e-01   1.7537845e-02   6.6829562e-01   2.4289516e-01
  -9.8458123e-01   9.3413554e-03  -3.8013086e-01   2.9103565e-01   1.2156924e+00  -5.6868547e-01
   6.0767058e-02   1.0501105e+00  -1.0664986e+00   4.8095039e-01   2.2271763e-01   6.8937641e-01
  -6.6843104e-01   2.1621767e-01   7.9855472e-01   9.6435583e-01   9.6448058e-01  -9.2497751e-02
  -1.0778617e+00   4.8075685e-01  -9.2364269e-01   2.9038385e-01  -1.1943597e-01   8.0955750e-01
   9.2009425e-01   1.1322636e-01   7.6945198e-01   7.2692329e-01   8.4437233e-01  -5.5422717e-01
  -5.6565964e-01   7.6984383e-02  -3.9475051e-01   1.5616883e+00  -2.1236162e-01  -1.8522006e-01
  -3.2887197e-01   1.0339900e+00   4.4601661e-01   4.9639234e-01  -3.8260069e-02  -1.1729912e+00
  -3.5375339e-01   1.1286272e+00   1.8069588e-02   7.3878551e-01   6.6130108e-01   7.8588152e-01
  -1.3795803e-01   1.1893640e+00  -3.8223052e-01  -9.5903265e-01  -6.9902235e-01  -1.0910936e-01
   3.5932633e-01  -5.0357765e-01   2.8339013e-01  -1.1315241e-01   6.9896173e-01   1.4267563e+00
   1.3490627e+00   4.5108044e-01   4.9307692e-01   1.3108702e-01   8.3791232e-01  -1.1895560e-01
  -4.3724018e-01  -1.1946114e+00  -1.0173976e+00   5.1165408e-01   2.8287706e-01  -6.9406211e-02
   6.7942955e-02   7.6693058e-01  -3.0919340e-01  -6.8953556e-01   1.2094426e+00   6.1105663e-01
  -1.2068894e+00   1.0959349e+00   2.9173225e-01  -1.0356887e-01  -7.8423411e-02  -4.9026564e-01
   6.1913114e-02  -6.3029003e-01   1.2324386e+00   7.9741448e-01  -6.5736055e-01   1.0956010e-01
  -5.1804966e-01   7.5972098e-01   4.3152654e-01   9.6102762e-01   9.2788064e-01   4.2859846e-01
  -1.7333494e-01   8.4021455e-01   1.4027658e-01   2.4154812e-01  -1.0149637e+00   1.0750906e+00
  -6.2603509e-01   1.0391459e+00  -9.0247202e-01   3.7870479e-01   6.3792408e-01  -4.0427202e-01
  -1.0804906e+00   3.3505353e-01   1.2385108e-01   8.6637753e-01  -4.3936363e-01  -8.7251920e-01
  -1.3734342e+00   3.5186359e-01  -4.6964717e-01  -8.6249524e-01   9.5215663e-02   1.2782013e-01
  -4.1581213e-01   5.5529177e-01   9.2602795e-01   9.0009898e-01   3.9283860e-01  -8.3469963e-01
  -1.0801083e+00   4.1508371e-01   8.2094092e-03   6.7521036e-01  -7.7742350e-01   7.7505368e-01
   4.0286374e-01   1.2591751e-01   5.2488315e-01   9.6191466e-01   1.2731494e+00   1.2418943e-02
   5.3272825e-01  -5.7661879e-01  -1.3010056e+00  -1.1950862e-01   8.1718862e-01  -9.4953559e-02
  -2.7411264e-01   6.3088137e-01   9.4047463e-01  -1.2932359e-01   1.0617263e+00   7.0595390e-01
  -1.2423813e+00   1.9435914e-01   9.0418345e-01   5.4326165e-01   2.9781747e-01   4.6619412e-01
  -2.6499537e-01  -3.7038660e-01   1.2297781e+00  -6.2396479e-01  -9.0971756e-01  -2.5163263e-01
  -5.6164414e-01  -1.3694414e-01   4.6265578e-01   8.5849851e-01   1.2020137e+00  -5.1951450e-01
   4.1565493e-01   8.5976309e-01   4.5949787e-01  -2.8495142e-01   2.8694659e-01   1.3089556e+00
  -1.2619897e+00   1.1407719e-01  -7.3590553e-01   8.9887536e-01   2.9061595e-02   2.0973751e-01
  -1.1705621e+00   5.7008791e-01   9.8916388e-01  -1.2448265e-01   5.1446474e-01   2.1487060e-01
  -1.1987692e+00  -9.6801691e-02  -3.4222877e-01   1.0959553e+00   4.8263267e-01  -4.9076438e-02
  -6.7515033e-01   1.5754188e+00  -3.3034885e-03  -2.1436502e-01  -1.2177290e-01  -3.7886530e-02
  -2.9523805e-01   3.1640485e-01  -1.1290629e+00   7.4369204e-01  -9.7088289e-01  -2.0554315e-01
  -2.1084549e-01   5.4908192e-01  -8.3658069e-01   7.7806199e-01   8.8467020e-01   7.5243872e-01
  -5.3376245e-01   1.1185459e+00  -7.1438611e-01   4.7280511e-01   6.8615055e-01   5.0917381e-01
   4.8516819e-01   4.6063858e-01  -5.4415780e-01   8.1010860e-01   1.0925404e+00   6.3749182e-01
  -2.3000766e-01  -5.6633013e-01  -9.1447484e-01  -1.8861003e-01  -7.6415390e-01  -1.0819416e+00
  -1.3165801e+00   7.5451219e-01   4.8781508e-01   5.9916556e-02   3.8714865e-01   5.5307353e-01
  -3.7882796e-01   6.7905951e-01  -6.1644059e-01   3.4803754e-01  -2.0926481e-01   1.3603112e+00
  -7.3844361e-01   6.8878394e-01   4.7541282e-01   2.9003599e-01   1.2819172e+00  -1.6379225e-01
   4.2325017e-01   4.7225919e-01  -4.9694702e-02  -7.3627841e-01   1.2730590e+00  -6.5770495e-01
  -1.5421693e+00   7.4096286e-01   2.6151383e-01   6.4943671e-02  -8.9080231e-03   1.0830621e-03
   1.3277635e-02   8.5402101e-01   5.2731961e-01   7.6917267e-01  -2.0174518e-01   1.1662240e+00
  -6.8320817e-01   1.5648712e-01   1.0433760e+00   1.1472492e-01   8.0524421e-01  -8.7093318e-01
   5.7554722e-01  -8.9855772e-01   1.0202259e+00   2.4300468e-01   2.6085901e-01   8.3269411e-01
   1.0536771e+00   3.0069384e-01  -5.2358985e-01   2.3755021e-01   8.9126986e-01   8.2122445e-01
   1.6555330e-01   1.5001879e+00  -7.5239104e-01   1.7295201e-01  -1.5460421e-01   3.1956345e-01
  -7.1339297e-01  -1.0721242e+00   1.2749689e-02   8.1422293e-01   3.2297316e-01  -7.5775152e-01
  -1.1198229e+00   5.1988679e-01  -8.5984594e-01   3.3246234e-01  -7.1441150e-01   3.3980095e-01
  -3.7960091e-01  -4.3556368e-01   2.5622278e-01   1.1307093e+00   7.7926689e-01  -8.4544480e-01
  -1.0008399e+00  -2.5662026e-01   2.4793376e-01   1.2377722e+00  -5.4661155e-01  -2.0032416e-01
   6.8410136e-02   9.7068109e-02  -1.5384210e+00   3.4669048e-01  -5.4712081e-01   4.4679195e-01
  -9.7356927e-01  -2.6942271e-01   5.8928579e-01   5.2072322e-01  -1.0940099e+00  -4.0534732e-01
   6.3692831e-02  -9.8226756e-01  -2.5965232e-01   4.2203334e-01  -1.0750976e+00   7.9355395e-01
  -1.0832524e+00   6.9058359e-01  -1.7080195e-01   6.8214816e-01   8.9404649e-01   2.3630522e-01
  -4.2077723e-01   8.9918095e-01  -2.2870973e-01  -1.4229518e-01   1.0506227e+00   9.1545385e-01
   3.2360628e-01   6.3859272e-01   2.9770213e-01   3.2178834e-01   1.0486844e-01  -1.5113922e+00
  -7.4113017e-01   8.3507186e-01  -5.7910770e-01   4.1910741e-01   3.5932124e-01  -1.0551080e+00
   5.4286075e-01  -4.2915806e-01  -1.4814024e-01   1.5136392e+00   2.6230842e-01   3.7319008e-01
  -9.4311970e-01  -1.8028446e-01  -9.8948145e-01   8.8666886e-02   5.1673132e-01  -9.0778655e-01
  -7.9780620e-01  -2.0829991e-01   1.0116471e+00  -1.2923561e-01  -7.8031898e-01   8.1919920e-01
  -7.1493894e-01   1.0043647e+00  -9.6299618e-02   6.0052031e-01  -3.5386693e-01   9.9246854e-01
  -2.6536244e-01   1.0805541e-01   4.8842210e-01   7.8448534e-01   1.1864715e+00   8.1007338e-01
   2.2828625e-01  -2.9114906e-02  -1.2289541e+00   1.0068930e+00   4.9542272e-01   4.2122698e-01
  -5.1917589e-01  -8.0563313e-01  -4.0454146e-02   3.2500860e-01  -3.8285604e-01   1.3518749e+00
  -7.6298565e-01  -1.1989577e+00   8.2608944e-01  -4.2031020e-01  -9.1853417e-02  -3.3590540e-01
  -4.6367094e-01   2.5528669e-01  -5.4709888e-01   1.0522228e+00   3.0463746e-01   1.1047823e+00
  -1.0565841e-01  -2.6476321e-01  -2.5896409e-01   3.7600064e-01  -7.5309229e-01  -1.4639500e+00
  -1.0091869e+00   9.5079285e-01   3.1103364e-01   3.9308268e-01   2.4056832e-01  -8.7658769e-01
  -3.6623842e-01   1.9597863e-01   9.2562902e-01   4.5250148e-01   7.9098421e-01   1.0678294e+00
  -1.0183669e+00  -8.4601498e-01   7.2969735e-01   3.3339831e-01  -5.5140436e-01   5.4729152e-01
  -7.7313757e-01   7.1723288e-01  -9.3691641e-01   1.0003479e+00   7.6125152e-02  -5.9425823e-02
  -4.0707201e-01   1.3469025e+00  -6.5725215e-02  -3.6775988e-01  -7.9499823e-01  -4.9855444e-01
   1.1672825e-01  -6.3624494e-03   1.2615284e+00   9.3979043e-01   4.9110103e-01   5.2009028e-01
   6.2153876e-01  -6.5728521e-01  -7.9398490e-02   8.5196257e-01  -1.1285512e+00  -4.1939673e-01
  -5.2122831e-01   9.1682695e-02  -9.6651077e-01   1.2145824e+00  -5.5665147e-01   2.6472520e-02
  -1.5980303e-01  -3.6021730e-01  -9.0358335e-01   9.9637163e-01  -8.5939191e-02  -1.0139534e+00
  -5.4447059e-02   6.7855877e-01  -1.1711787e+00   1.0192456e+00   3.3586451e-01  -1.1518325e-01
  -1.3559407e+00  -5.9284210e-01   2.4813983e-01   4.8185781e-01   6.1804003e-01  -3.6637336e-01
  -1.1651235e-01  -8.3298069e-01   1.0434551e+00   1.8836489e-01  -3.2752037e-01  -1.0300574e+00
   3.6760464e-01  -6.5613008e-01   8.6830372e-01   4.2930758e-01   1.1343894e+00  -4.5745429e-01
  -7.8197038e-01  -1.0512112e+00  -7.0606160e-01   1.8774423e-01  -8.6482221e-01   4.2299658e-02
  -1.0282778e+00   5.7316493e-02  -4.4331831e-01   9.2981756e-02  -3.9083016e-01   1.2575511e+00
   4.3599683e-01   7.3603350e-01  -1.1343254e+00   2.3768845e-01  -6.1215603e-01   7.4177933e-01
  -6.3047540e-01  -5.6284475e-01  -2.1159069e-01   1.2963319e+00   7.2048020e-01   2.0339009e-01
  -3.8661205e-03   1.1606190e+00  -4.4845197e-01   1.1003829e-01   5.2242768e-01   1.0801853e+00
  -6.8419939e-01  -1.0266104e+00   8.8591993e-01   4.9379340e-01   5.0945348e-01   4.3556124e-01
   7.4434519e-01   6.3822967e-01  -4.8572347e-01  -8.0814785e-01   7.2493261e-01  -7.8997177e-01
   4.1873443e-01   9.4172752e-01   2.3991019e-01   2.4933043e-01   1.3440814e+00  -1.0739473e-01
  -2.5479940e-01   3.4351355e-01   1.2090656e-01   5.4795444e-01  -1.8590643e-01  -1.5708733e+00
  -7.8442383e-01  -1.0289382e+00   5.5518675e-01   4.5138377e-01  -8.9385575e-01  -1.2250634e-01
  -7.3274428e-01  -1.0319006e+00   2.8209677e-01   1.4830023e-01   1.0287133e+00   4.8830736e-01
  -1.8148892e-01   3.7770316e-02  -2.6586410e-01  -7.3721433e-01   1.1331847e+00   1.0331305e+00
  -4.6244478e-01  -1.2621332e+00   8.4078866e-01   1.5953650e-01  -3.4308109e-01  -5.8573240e-01
   5.2519137e-01  -1.5290457e+00   5.8203506e-01  -1.8233654e-01   8.3400749e-02  -8.5006721e-02
  -2.5498462e-01   1.3237181e-01  -1.3369203e+00   3.0098757e-01   4.5073476e-01  -9.1452146e-01
  -1.3428836e+00   3.9804950e-01  -3.8967034e-01   6.7730939e-01  -6.5093952e-01  -6.2506214e-02
   4.4930989e-01   6.7637599e-01   9.4547993e-01   1.1410576e+00   2.2565709e-01  -3.0621985e-01
  -1.7275345e-01  -6.1953849e-01  -9.9521810e-01   1.0342839e+00  -7.2451663e-01  -3.4665998e-02
  -5.4055321e-01   6.0951418e-01  -1.0997566e-01   1.5077549e+00  -1.0091773e-01   2.0171955e-01
  -1.3320361e-01  -5.8904779e-01  -1.7797805e-01   4.0787601e-01   1.9681111e-01   1.5487111e+00
   8.2728319e-02   5.7703412e-01   1.0187403e-01  -2.7198792e-01  -1.4031833e+00  -7.7904326e-01
  -7.9138756e-01   1.2570031e+00   6.8810236e-01   3.4431359e-01   3.1831124e-01  -3.1668606e-01
  -5.8071935e-01  -5.0401008e-01   6.3175254e-02   3.5985759e-01   1.4849738e+00  -2.6476961e-01
  -2.5991470e-02   1.3009403e+00  -9.2570966e-01  -5.8755702e-01   8.0252113e-03   3.2350117e-01
  -5.8699107e-01   8.0548340e-01  -8.9752537e-01  -5.5892062e-01   7.7815980e-01  -5.3212863e-01
  -6.0779101e-01  -8.5095793e-01   9.0836185e-01  -1.0087834e-01   8.5026580e-01   5.9009445e-01
   4.8408162e-02   2.6268898e-02   1.2414377e+00  -9.5977890e-01   5.3540480e-01   4.9796122e-01
  -7.7454358e-01  -3.3812381e-02   1.4622622e+00   5.1004303e-01   1.2534541e-02  -2.0676199e-02
   3.6227551e-01  -5.1217341e-01   6.7336380e-01   1.3547909e+00   1.0978924e-01   5.5272430e-01
  -9.4427568e-01   9.1495067e-01   1.1337009e-01   3.5522288e-01   4.7546008e-01   9.5189828e-01
   5.1933926e-01  -1.4136252e-01   4.5380908e-01  -6.9475168e-01  -2.7231500e-01   1.3955376e+00
   1.3521849e+00   9.0142123e-02   7.8760523e-01  -2.4814997e-02  -1.5699686e-01  -7.1964192e-01
  -1.1202058e+00  -4.6110690e-02   8.3018249e-01  -1.9470355e-02   1.0046651e+00  -2.0994961e-01
  -9.7454429e-02  -1.0346415e-02  -7.7599436e-01   5.9476101e-01  -1.3656400e+00  -4.1172177e-01
  -1.4048239e+00  -1.2102824e-01  -4.2976978e-01   2.9632413e-01   2.4736542e-01  -8.2348162e-01
   6.8780787e-02  -1.0747858e+00  -3.1749922e-01   4.6846353e-02  -3.0701587e-01   1.2817354e+00
  -6.8276989e-01  -9.9322242e-01   2.8392950e-01   1.1240373e+00   4.3614760e-01  -1.1416731e-01
   4.3995482e-01   5.2261341e-01   6.1268097e-01   1.2325338e+00  -5.2342469e-01   6.0400677e-01
  -4.9234614e-01  -2.1965627e-01  -5.8507431e-01   1.9877990e-01  -1.2673049e+00  -8.4938753e-01
  -6.3345246e-02   5.0138939e-02  -1.3313754e-01  -5.5697149e-01  -1.1806970e+00   1.1276014e+00
  -3.6686808e-01   5.4791683e-01  -1.0976478e-01  -1.0815772e-01  -1.5407362e+00   4.0936506e-01
   9.7086430e-01  -2.1356508e-01  -4.8598945e-01   1.0980973e+00  -1.1855390e-01  -7.4548906e-01
   8.7474930e-01   7.3467565e-01  -1.0433609e+00   3.0003762e-01  -1.9849533e-02  -7.1836412e-01
   6.0886296e-04   1.7579591e-01  -6.1680096e-01   9.5549375e-01  -1.1004257e+00   6.8172348e-01
   1.0002429e+00  -3.7344974e-01   7.5747675e-01   5.3686881e-01  -2.0168358e-01   9.7845501e-01
   2.3572621e-01   3.4798842e-02   9.0915851e-02   6.4477384e-01  -4.2783716e-03   1.5872004e+00
  -1.3503456e+00   7.2925478e-01  -7.2584343e-01   3.1644747e-01   1.5767181e-02   1.3235706e-01
  -1.2187368e+00   1.4350869e-01   4.0055931e-01   1.1531796e+00   5.9759732e-02   1.5617176e-02
  -8.5578406e-01   6.8248773e-01   8.2379150e-01   5.1249999e-01   5.9886515e-01   7.0846009e-01
  -1.3959517e+00   3.9011115e-01   5.1305538e-01   4.3562859e-01  -3.6457977e-01   5.5965680e-01
  -4.6445224e-01   6.6712719e-01  -5.9168094e-01  -9.2873538e-01   8.4288269e-01   6.4508766e-01
  -1.5249096e-01   1.5225136e+00  -2.9033926e-01   6.4008022e-03   5.9891337e-01   4.6439654e-01
  -4.6654016e-01   8.3321309e-01   3.6313187e-02   1.0808839e+00   9.2417401e-01  -2.5371158e-01
  -6.1776453e-01   5.0419480e-01   8.0450022e-01  -5.7685447e-01  -6.1498702e-01  -1.0029776e+00
  -8.9582646e-01  -1.3243570e+00  -2.2785221e-01   4.9112034e-01  -3.1907454e-01  -2.2056524e-01
  -1.7395516e-01   5.2848518e-01  -4.7477612e-01   1.1245430e+00   5.7319063e-01  -9.3374848e-01
  -3.6955127e-01   7.1600813e-01   1.0366776e-01   4.1738480e-01   1.4312586e+00   3.4249946e-01
  -8.9801711e-01   4.0023487e-02  -2.7191445e-02  -8.3485025e-01  -2.8038013e-01  -1.1898049e+00
   1.0441588e+00  -5.8172768e-01   2.2158849e-01   4.7254255e-01   1.0217218e+00   5.0498706e-01
  -1.1462130e-01   3.3029595e-01  -1.0587695e+00   2.1014746e-01   5.2943438e-01   1.1967920e+00
  -1.0150938e+00   1.0417433e+00  -3.0208048e-01   5.6553799e-01  -6.5996623e-01   1.9420193e-01
   7.4170059e-01  -6.7371786e-01  -3.0525446e-01   8.1641722e-01   1.6330799e-01  -1.0998169e+00
  -8.1905234e-01   4.6123904e-01   1.3525216e-02  -5.8445698e-01   4.1107947e-01   1.2671435e+00
  -7.9308391e-01  -2.2034036e-01   1.3057131e-01   1.4370922e+00   2.6518235e-01   4.1214475e-01
   3.4213498e-01  -7.0027274e-01   5.4861104e-01  -1.2773765e+00  -3.7419507e-01  -5.6557512e-01
   4.7689217e-01  -9.3859643e-02   2.8601184e-01   1.2860352e+00   3.8063106e-01  -9.3978453e-01
  -1.3823258e+00   7.3904932e-01  -2.6797254e-02  -2.0062420e-01   4.7586489e-01  -5.2494431e-01
  -4.8224419e-02   1.9928685e-01  -1.3674388e+00   9.6934086e-01  -1.8669516e-01   3.3703634e-01
  -3.9981914e-01  -3.1501141e-01   1.4070483e-01  -6.7458689e-01  -6.1171126e-01  -1.3754476e+00
   6.4447302e-01   7.5192618e-01  -8.4142196e-01  -2.7100000e-01  -2.6442471e-01   1.0806986e+00
   1.2088422e-01  -7.2766870e-01   8.9230381e-02   1.2981290e+00   3.8470876e-01  -7.8408134e-01
   9.8105241e-04  -1.1187211e+00  -5.4612446e-01   6.7583615e-01  -3.0674222e-01   9.4834870e-01
  -6.5578312e-01  -1.7096528e-01  -1.1858311e-01  -2.7366945e-01  -7.0758373e-01   1.3968134e+00
  -7.3703557e-01  -9.3814528e-01  -4.9852431e-01   5.9159267e-01  -1.0084353e-01   9.8386186e-01
   1.8011315e-02   1.9892447e-01   2.1658223e-02  -9.8616511e-01   4.7016507e-01   1.3289315e+00
  -5.7240552e-01  -1.8412232e-01  -7.9144514e-01   1.1651742e+00   6.9436294e-01   4.1508365e-01
  -1.1964364e+00  -2.2282885e-01  -8.2856441e-01  -6.6510957e-01  -4.1733426e-01  -4.6457434e-01
  -4.1688282e-02   3.0896926e-01  -6.9139355e-01  -3.2786858e-01  -1.1516401e+00  -9.9549121e-01
  -9.5297623e-01  -1.0294435e+00  -7.8073710e-01   5.0752455e-01   2.3068766e-01   3.3426639e-01
  -4.8592618e-01   1.6047047e-02  -4.5647186e-01   7.6063234e-01   1.0958192e+00   8.8083500e-01
  -5.3964251e-01   6.1287010e-01   9.7833794e-01   4.8479918e-01   1.0399538e+00   2.4391951e-01
  -5.8310968e-01   7.1988654e-01  -1.3316103e+00   1.1554137e-01   2.2274405e-01  -5.5280685e-01
  -9.7600770e-01   1.1501188e+00   1.3558389e-01   8.2831925e-01   9.8133534e-02  -1.0251956e-01
  -1.2166218e+00  -6.5431434e-01   5.1953363e-01   7.4369001e-01   3.9414558e-01   3.3669543e-01
  -9.5066577e-01  -1.4271559e-01  -7.6915193e-01   1.7392692e-01  -1.1092259e+00   4.7290525e-01
   5.9620363e-01   1.0474347e+00   4.2235023e-01  -6.9180578e-01   7.8290230e-01   5.2679276e-01
  -1.6106302e-01  -1.2260585e-01  -8.0568439e-01   1.1807089e+00   5.8927780e-01  -7.5404060e-01
   4.4092166e-01  -1.1468909e-01  -7.2611815e-01   2.7949515e-01   2.6116189e-01   1.4556317e+00
  -8.9658225e-01  -4.9561852e-01  -2.0593379e-01  -5.8389807e-01  -2.5186205e-01   1.2262635e+00
  -5.4273826e-01   5.5547822e-01  -1.5633803e-02   5.1078159e-01   1.1884485e+00  -8.5048646e-01
  -6.6609067e-01  -8.6075950e-01   2.8979000e-01  -4.0308183e-01  -1.1572758e+00   4.7924504e-01
   4.8643407e-01  -7.0756733e-01   8.1512272e-01   3.2693604e-01  -6.1671919e-01  -1.0540756e+00
  -1.9451742e-01  -1.2010012e+00  -3.4847360e-02  -2.9071161e-01  -9.0509802e-01  -7.8411025e-01
   6.2093711e-01  -6.1090422e-01  -1.4199951e+00  -3.0073285e-01  -3.1333876e-01  -1.9033065e-01
  -1.3622288e+00  -4.4679078e-01   3.1079930e-01   6.3856393e-01  -4.8587653e-01   4.5196792e-01
  -1.0690218e+00  -1.4498934e-01   6.0218191e-01   9.7351593e-01   4.2390827e-02   7.2389030e-01
  -9.5204097e-01   6.1167514e-01  -1.1646849e+00   2.5499451e-01   5.4450911e-01   3.8311347e-02
  -7.9853244e-02  -1.3722065e-01   1.2084102e-01  -4.1018274e-01  -4.2615399e-01   1.6156529e+00
  -9.0982842e-01   8.3074808e-02   5.6481314e-01   2.7769670e-01   2.3889247e-01   1.3084770e+00
  -4.4423184e-01   1.4173430e+00  -2.5882226e-01   6.1360985e-01   5.9015679e-01   4.4788335e-02
   5.6266695e-01   5.7796156e-01  -6.5045804e-01  -2.8808538e-02   1.2276706e+00   6.4673495e-01
  -1.2508551e+00  -5.4369950e-01  -5.0207162e-01   9.6431345e-02  -6.9442838e-01  -6.2940180e-01
   2.0998563e-01  -4.6382791e-01   8.7471622e-01   4.5480564e-01   1.3113644e+00   2.2162208e-01
  -1.6150632e+00  -4.0564841e-01   3.5457921e-01  -1.4798014e-01  -2.8165853e-01   8.0493018e-03
  -7.3774147e-01   1.4498615e+00  -2.5228258e-02   3.6553988e-01   5.6090303e-02   4.6501264e-01
  -9.5084834e-01  -1.0047825e-01  -1.1716864e+00   2.8097293e-01  -4.2466792e-01   6.7353851e-01
  -1.1408319e-01   6.9442874e-01  -8.6231863e-01   2.2305952e-01  -1.1005456e+00   7.0725095e-01
   5.7908916e-01   7.4344742e-01   4.9815038e-01  -2.0855120e-01  -1.2155486e+00   5.8543646e-01
   5.3696096e-01  -1.0227543e+00  -3.3416209e-01   3.3869365e-01   6.7870826e-01  -9.8925430e-01
  -3.7158895e-01   7.4455297e-01   4.5689848e-01   3.4786630e-01   1.0495794e+00   9.3604410e-01
  -7.3633873e-01  -2.8180364e-01   1.1384495e+00   8.7615037e-01  -3.9075333e-01   4.0248829e-01
  -1.2906194e+00   1.7210816e-01   5.1145428e-01  -2.6287737e-01   4.5082274e-01  -8.7792313e-01
  -5.5808288e-01  -6.7721206e-01   7.2559035e-01   1.0399638e+00  -7.8860420e-01  -4.9435133e-03
   6.6754542e-02  -3.9925981e-01   8.1679529e-01  -1.2101314e+00  -8.3648175e-01  -6.9722623e-02
