  -2.1514630e-01  -6.8435490e-01  -8.5844725e-01  -9.3692291e-01   4.3947396e-01   6.2727839e-01   9.8908389e-01   5.5291200e-01
  -7.0604563e-01   6.7338407e-02   9.9299139e-01   2.0337647e-01   3.4894204e-01  -6.8238980e-01  -8.8734388e-01  -1.0463152e+00
   2.7943995e-02  -1.4444908e+00   7.0895672e-01  -1.6855566e-01  -2.5706561e-02   6.7999411e-01   3.8456115e-01  -8.7789220e-01
   1.4662813e-01  -7.7215117e-01  -8.6516820e-02   3.3492881e-01   1.7085601e-01  -5.7552256e-02  -5.5911893e-01   1.7080700e+00
  -5.5808860e-01   5.5082226e-01   6.3188070e-01   9.3168879e-01   4.2916951e-01  -2.2827154e-01  -1.2764984e+00   5.0206798e-01
  -9.5658082e-01  -1.3591492e+00   3.8211173e-01  -4.4823863e-02   1.0080729e+00   1.8043217e-01  -1.7991489e-01  -9.2261381e-02
  -4.9333975e-01   3.5053656e-01  -1.4455836e+00   5.4605311e-01  -3.1874096e-01  -5.2336019e-01   6.5280610e-01   6.6648060e-01
  -9.6538860e-01   1.3189638e+00   4.7431886e-01   4.2761570e-01  -1.8666628e-01   2.5880221e-01   5.4014057e-01  -7.2591442e-01
  -5.1197374e-01   3.7080042e-02   1.7899643e+00   5.0644600e-01   3.1825089e-01   1.5438214e-01   3.5179362e-01   1.6483834e-01
   3.0104437e-01  -4.4294807e-01  -8.6010617e-01  -1.1394974e+00   4.3069932e-01  -7.6100612e-01   4.8531529e-02   9.5286143e-01
  -9.7979766e-01  -7.9358602e-01   1.3642256e-01  -1.2320854e-01   9.1120619e-01  -3.5558867e-01   8.7088645e-02   1.1883191e+00
  -1.3709334e+00   8.2486737e-01   4.1011947e-01  -2.2689149e-01   2.4305040e-01  -3.6806723e-01   7.1367806e-01   7.1873105e-01
   2.8684369e-01  -7.8613347e-01  -1.2703724e+00   1.1378531e+00  -1.2267977e-01  -6.0962027e-01  -7.6968102e-03   6.6428088e-02
  -9.5720685e-01   8.0661163e-02  -1.0786785e+00   9.5973682e-01   2.6830465e-01   6.6659063e-01  -1.5856728e-01   6.7166370e-01
  -5.8594096e-01  -1.0183095e+00  -4.3286812e-01  -4.7887969e-01   4.9745294e-01  -1.3673373e+00   2.2718503e-01   1.8529709e-01
  -1.4558388e+00   6.9130629e-01  -1.2861584e-01  -1.0881040e-01   5.4644191e-01   5.4144782e-01   8.1041873e-01  -3.5454786e-01
  -7.5563550e-01   6.8551421e-01  -2.0212674e-01   4.8225129e-01   5.6322198e-02   9.1131407e-01   1.1763743e+00   6.8420857e-01
   8.3178475e-02  -6.6373652e-01  -4.7558020e-03   1.7284290e+00   5.8566904e-01  -2.8144017e-01  -3.6386251e-01  -1.0214272e-01
  -1.4336504e+00   2.3068179e-01  -6.6100940e-02   1.0561355e+00   1.0730003e-01  -3.3069572e-01  -5.1768970e-01   6.1868060e-01
  -8.1345922e-01   7.9355806e-01  -1.2343819e+00  -1.0171606e-01   6.0256398e-01   3.0092740e-01  -3.2692173e-01   7.8357273e-01
  -1.0710986e+00  -3.3971697e-01   4.0747464e-01   1.3259698e+00  -1.3028669e-01  -8.1024945e-01   2.1902773e-01  -3.0274904e-01
  -4.1962221e-01  -7.2937155e-01   3.3585221e-01  -2.6048923e-01   9.7060931e-01   3.1923240e-01  -1.1856154e+00   8.1339210e-01
  -7.6563768e-02   7.7106482e-01   1.2946883e+00   3.0466411e-01  -1.8230478e-01   1.0660191e+00   6.4120269e-01  -2.2312817e-01
  -2.6173007e-01   3.4668088e-01  -2.4859741e-01   1.0373755e+00  -8.7678500e-02   1.5486236e+00  -2.9406893e-01   4.2539582e-01
  -8.3085015e-02   2.7825934e-01   6.7533851e-01  -2.5792009e-01   8.1084752e-01   5.3665292e-01  -4.9104419e-01   1.4854190e+00
  -3.7398764e-01   1.0434191e+00   4.6050638e-01  -2.2675337e-01  -3.8280436e-01   3.7567109e-01   1.4822609e+00  -1.5218878e-01
   1.8613328e-01   1.1852939e+00   5.1449928e-02   5.8038378e-01  -3.3368349e-01  -1.4273767e-01  -1.4228088e+00   2.5463071e-01
  -8.3353049e-01   1.1044942e+00  -1.0867637e-01   6.4402789e-01   1.8359768e-01   6.5960163e-01  -5.8433616e-01   9.2114383e-01
  -8.2374978e-01  -1.2917970e+00  -1.7132521e-01  -6.6206288e-01   2.8114197e-01   1.7543182e-01  -6.5524548e-01  -8.0364978e-01
  -9.2971343e-01  -3.0831057e-01   6.5308970e-01   3.9750248e-01   8.3511889e-01   9.3899369e-01  -7.2003949e-01  -5.9871000e-01
  -8.9493042e-01   1.0194424e+00   4.5995274e-01   6.3941890e-01  -1.7069206e-01  -1.2070649e+00   2.2120990e-01  -6.5940306e-02
  -1.0624130e+00   7.8486264e-01  -4.8640397e-01   5.5810221e-02  -6.3750111e-02  -5.1320016e-01  -1.2106752e+00   5.3140622e-01
  -1.0799712e-01  -9.0950347e-02  -1.2620948e-01   9.3276042e-01   1.1611127e+00   1.0685141e+00   5.7293281e-02  -7.7518147e-01
  -9.7134739e-01   3.5029212e-01  -5.1223420e-02   2.2024380e-01   9.7395688e-01  -1.6707548e-01  -6.8566906e-01   1.1983323e+00
  -5.6292748e-01   3.6232626e-01   1.0503489e+00   9.1059208e-01   3.4407234e-01   1.1854105e+00  -1.5537302e-01   2.6776218e-01
  -5.5099040e-01  -9.0103641e-02   1.3104774e-01   1.1048715e+00   7.1375436e-01   7.8246212e-01  -7.7944255e-01   8.4920734e-01
  -6.4625567e-01   4.4726235e-01  -9.2064911e-01   1.3403994e+00  -2.9177815e-03  -3.8269714e-02  -5.2718467e-01  -6.7723608e-01
  -8.2602143e-01  -3.8812804e-01  -1.1303360e+00  -4.7340840e-01   3.8162145e-01  -7.0555049e-01   8.3040041e-01   5.7642740e-01
  -5.7034951e-01  -4.6724370e-01  -6.3743430e-01  -2.0250194e-01   5.0067389e-01   5.1676279e-01  -1.5638882e+00  -2.1351962e-01
  -2.1726172e-01  -1.1106808e+00  -8.5305363e-01   1.9997706e-01   6.2727797e-01   1.1008925e+00  -3.6152700e-01   4.6405825e-01
  -1.4837110e+00  -5.1958174e-01  -2.9469159e-01   1.2428472e-01   7.4101317e-01   3.6226380e-01  -7.8673434e-01   3.5645530e-01
  -6.2502456e-01  -5.7486534e-01  -8.1350416e-01   8.5275275e-01  -1.0275362e-03   1.1832191e+00   6.6309589e-01  -2.2403954e-01
  -8.2538128e-01   6.4572936e-01  -8.0489546e-02  -1.3596650e+00   6.1878264e-01  -4.0128581e-02  -6.9805264e-01   4.1812924e-01
  -1.2097148e-01   8.1047857e-01   4.0273404e-01   7.3171222e-01   3.2572258e-02  -8.9330488e-01   1.2288669e+00  -5.6720752e-01
  -2.2918180e-01   4.7541481e-01  -5.1428741e-01   3.3009931e-01   2.9170233e-01   4.0126282e-01  -1.5749898e+00   7.8822839e-01
  -5.4777342e-01  -6.4410490e-01  -7.1016252e-01   9.7222471e-01   4.8144683e-01  -1.2475832e-01  -1.0912549e+00   6.3034022e-01
  -1.5297064e+00   1.3377619e-01  -5.3336877e-01   2.6453885e-01   7.0056462e-01   2.7754826e-02   3.9461285e-01   8.0022418e-01
  -1.0319645e+00  -2.6526901e-01  -1.0623028e+00  -7.5051594e-01   8.0492455e-01  -2.6848069e-01  -5.9347498e-01   3.1736854e-01
  -9.0458140e-02   4.9492770e-01  -5.4092312e-01   1.5411408e-01  -4.0154226e-02   1.6222009e-01  -6.2412506e-01   1.7358154e+00
  -1.0934523e+00  -3.9493388e-01   3.3311105e-01   5.8416855e-01   2.0072263e-01  -4.8364368e-01   9.7585201e-01   9.8472613e-01
  -1.0255371e+00   1.6864637e-01  -4.4629902e-01  -4.5825362e-01   1.9061230e-01   1.1406885e+00  -7.3053300e-01  -7.9966921e-01
  -1.4715365e+00   7.1201640e-01   7.6560974e-01   7.6957750e-01   1.9967510e-01   2.2525243e-01   1.1154414e-01   2.1483612e-01
   1.5087970e-01  -4.0576512e-01   1.1500695e+00   6.7555571e-01   5.7494098e-01  -1.4319491e-01  -8.3391166e-01   9.9352109e-01
  -1.4072271e-01   2.8586695e-01  -7.8829318e-01   6.2221304e-02   2.7932924e-01  -5.6487612e-02   1.0322471e+00   1.4582351e+00
  -1.1953588e+00   3.1529081e-01  -1.8728572e-01   1.0001700e+00   1.6694357e-01   8.8887197e-01  -1.3482350e-01  -7.7469492e-01
  -1.3715622e+00   3.7303030e-02  -3.7987523e-02   4.0602186e-01   4.1227600e-01   1.2433325e+00   1.3008083e-01   4.6729097e-01
  -9.7349972e-01  -7.5309920e-01  -6.6995245e-01   6.6123331e-01   4.3355408e-01   4.1682631e-01  -6.3584089e-01  -9.1272509e-01
  -6.1473149e-01  -6.0890466e-01  -9.7795427e-02   8.1441158e-01  -9.6626008e-01   5.3467447e-01   1.1657507e+00   2.3553579e-04
  -1.6564859e+00  -3.3237898e-01   6.2509969e-02   4.8909926e-01   7.7502447e-01   1.8918955e-01   3.0263749e-01  -4.1762128e-01
  -1.3408870e+00  -1.4832611e-01   4.1233759e-02  -8.7452745e-01   1.0634207e+00   5.1157612e-01  -1.4111292e-01  -3.2200970e-02
   4.4207075e-01   1.0677791e+00  -1.3911622e+00  -3.8518514e-02  -5.1564634e-01  -4.8343715e-01  -5.2451827e-02  -4.7460720e-01
  -1.3223226e+00   2.1087380e-01   7.2414160e-01   4.0085089e-01  -7.7831492e-02  -5.7865447e-01   1.0540628e+00  -2.6454815e-01
  -1.6596946e-01   7.7735674e-01   1.1382457e-01   1.2051070e+00  -3.1823817e-01   6.7838216e-01   2.5705934e-01   1.1293248e+00
  -1.5336363e+00   2.1678162e-01  -1.1279868e+00   2.4796274e-01   2.7341747e-01   7.4499995e-02  -2.9833972e-01  -3.1274801e-01
  -9.3164074e-01   6.0765541e-01   8.0486190e-01  -3.3944213e-01   6.1928433e-01   1.0574967e+00  -6.2503874e-01   3.2755375e-01
  -6.6745895e-01   4.7039431e-01  -9.6843064e-01   5.8559000e-01  -2.6611334e-01   1.5788946e-01   1.1487684e+00  -7.9814792e-01
   4.2308444e-01   7.8287178e-01   1.3616298e-01   1.4048630e+00  -3.5788178e-01   5.0694615e-01  -7.9004216e-01  -4.5463210e-01
   1.1890428e+00  -9.4949871e-02  -2.8587833e-01  -7.3691286e-02  -2.6170209e-01   1.6508913e-01  -4.5167938e-01   1.4799486e+00
  -1.1435134e+00   3.3423352e-01   4.1408755e-02   6.4078742e-01   2.6557428e-01   7.3554665e-01  -1.2476304e+00   1.4183898e-02
  -8.1609780e-01   6.1785734e-01   8.7181723e-01  -4.2110720e-01   4.7177833e-01   8.6981833e-01   9.0572912e-01   4.6404335e-01
  -7.7916449e-01   1.1875039e+00  -6.3954628e-01  -1.0700605e-01  -9.6603915e-02   1.2190182e+00   1.9747354e-01   1.6713455e-01
  -6.9706851e-01  -6.0670900e-01   2.9140455e-01  -2.8361988e-01   1.0650719e+00   1.0221012e+00   5.4312420e-01   7.1175128e-01
  -8.6422616e-01   2.3701493e-01   4.1063118e-01   2.4964896e-01   4.1723701e-01   5.0786811e-01   5.6995922e-01   1.4863122e+00
  -1.4220104e+00   1.0144935e+00  -2.2294083e-01  -1.8272994e-01   8.2893294e-01   9.1233797e-02  -4.0294978e-01   8.8172168e-02
  -1.1996193e+00   6.5477461e-02  -2.0471703e-01  -2.7336776e-01   9.4959962e-01   5.5429875e-03  -8.1042272e-01  -9.3884623e-01
  -2.5752813e-01  -7.1829295e-01   8.3079165e-01   5.0317997e-01   6.6309339e-01   1.2669406e+00   5.1654047e-01  -4.0334058e-01
  -4.0057153e-01   1.4687979e+00  -5.7030708e-01  -1.6754404e-01  -7.4655396e-01   4.3245990e-02   6.6472208e-01  -5.7252538e-01
  -9.9270463e-01  -6.1464828e-01  -7.2087973e-02  -2.0984954e-01   5.2427018e-01   1.3622880e+00   3.1427556e-01  -5.9837645e-01
  -5.8424467e-01  -1.0750715e-01  -5.5129004e-01  -2.0543362e-01   8.0023521e-01   8.1357300e-01  -2.3557729e-01   1.3939880e+00
   5.2262044e-01   4.8778319e-01  -1.4073975e-01  -5.2935791e-01   9.5602743e-02   1.6247836e+00   3.0513039e-01  -6.6838759e-01
  -5.5647904e-01   1.6007349e+00   1.9769925e-01  -3.0169338e-01   3.8277760e-01   6.4284575e-01  -3.7833840e-01  -5.4310721e-01
  -7.5168145e-01  -7.8040630e-01  -6.8483067e-01   2.2876203e-01   7.3592395e-01  -7.2530377e-01  -1.0399634e+00  -3.9426208e-01
   5.3323781e-01   9.0626043e-01  -2.6371127e-01  -1.2391089e+00   1.1331802e-01  -5.0624305e-01  -3.3944562e-01   9.5135105e-01
  -1.0703568e+00  -6.2640113e-01   8.9405358e-01   6.8705487e-01   5.5057973e-01  -5.2836156e-01  -6.7611152e-01   3.8878062e-01
  -1.4953323e-01   1.0826544e+00   5.6514633e-01  -9.8385835e-01   6.3813078e-01  -6.7511314e-01   3.8666505e-01   7.1107876e-01
  -9.7500420e-01  -2.0022294e-01   1.7983386e-01   3.8122034e-01   7.6290977e-01   5.7557184e-01   1.3831714e+00   7.1628869e-02
  -8.2841855e-01   7.2948796e-01  -7.8477526e-01  -1.8687563e-01   3.2128233e-01  -1.3230544e-01   1.3867114e+00   2.9509336e-01
  -6.8166673e-01  -4.4716191e-01  -9.0308315e-01   6.4868569e-01   4.3504971e-01  -5.4285723e-01   2.0356242e-01   1.2544419e+00
  -1.3196816e+00   4.8595363e-01   8.5801047e-01  -9.7018707e-01   3.7825498e-01  -1.2313303e-01   3.7130961e-01  -2.2076003e-01
  -8.3847284e-01   9.1675049e-01  -2.2635743e-01   8.5286498e-01   2.4222803e-01  -4.8786795e-01   5.6917983e-01   1.0282313e+00
  -1.2462619e-01   8.6942363e-01   3.2260254e-01   1.0172852e-01   2.5067472e-01   1.5955989e+00   3.4198487e-01   6.2323576e-01
  -1.3530017e+00   9.5394880e-01  -5.5080843e-01   8.9824528e-01  -1.2329579e-01  -8.2724556e-02   3.4554166e-01  -8.7684833e-02
  -3.7763298e-01   9.6661395e-01  -4.9125674e-01  -5.9019601e-01   3.5283580e-01   1.5965289e-01  -1.4571680e+00  -2.4508347e-01
  -8.6973228e-02  -1.2871659e-01   9.1132975e-01   1.0463543e+00  -6.1905730e-01   3.2871509e-01  -1.2318068e+00  -2.0458493e-01
  -4.8840100e-01  -7.8695583e-01  -4.5738387e-01   5.3835851e-01   4.1583079e-01   8.4806651e-01   6.4089727e-01   1.1576933e+00
  -1.0422547e+00  -7.7946794e-01  -5.5543798e-01  -4.5642635e-01   8.9598560e-01  -4.8417565e-01   2.1079306e-01  -8.4121823e-01
  -1.0313498e+00  -1.7293762e-01  -1.1390910e+00  -3.1534249e-01   5.4337949e-01   1.0489386e+00   2.7456829e-01   1.9626546e-01
   1.3961127e-01  -1.1701423e+00   7.5780874e-01  -1.0369178e+00   6.2025177e-01   6.8198955e-01  -1.7387185e-01   2.8591758e-01
  -5.4714710e-01  -4.1221404e-01  -1.8370366e+00   2.4309903e-01   9.4234087e-02  -2.1332776e-02  -2.8020802e-01  -9.5164247e-02
  -9.0279901e-01   7.8534615e-01   5.0895125e-01  -9.2863095e-01  -3.7367303e-02  -1.0304439e+00  -5.8286154e-01   2.0942786e-01
  -6.0085595e-01  -1.2993751e-01  -1.2863275e-01  -9.6518978e-02   5.9112644e-01   1.5701569e+00  -8.1411552e-01   3.4441099e-01
  -7.5251931e-01  -5.4515425e-02   8.4631872e-01   1.5853558e+00   3.4020476e-02   1.4090917e-01  -3.9729634e-01   1.4925505e-01
  -1.5861498e+00   2.0917134e-02   1.2700938e-01  -1.3661131e-01   8.3293086e-01  -8.2167184e-01  -2.8234267e-01   1.6176462e-02
  -9.5364678e-01  -1.1248584e+00  -9.1113836e-01   2.4672344e-01   8.7291908e-01   1.5971018e-01   3.6173126e-01   1.2594390e-01
  -9.6736014e-01   3.0393738e-01   4.2692536e-01  -2.4144043e-01   8.5704035e-01  -2.7669495e-01  -1.3821300e+00   9.9580757e-02
  -4.8985043e-01  -7.2763190e-02  -1.0840451e+00   6.7113167e-01   5.3613957e-02   1.2048221e+00  -7.5164789e-01  -3.3126277e-01
  -9.3543851e-01  -4.5585252e-02  -2.3456506e-01   1.3798275e+00  -1.8747805e-01   3.0129072e-01   7.9526621e-01   6.3683528e-01
  -2.4620983e-01   5.7730120e-01   1.0935745e-02   1.3186891e+00  -2.3204035e-01  -1.0700359e+00  -6.5932798e-01   4.8322934e-01
   3.0844337e-01   2.0553724e-01  -6.3927984e-01  -5.7066375e-01   1.1764507e-01   1.3881441e+00  -1.0025036e+00  -4.2718068e-01
   4.4002257e-02  -4.8333895e-01  -1.3195336e+00  -1.2037025e-01   2.7551600e-01  -4.7881296e-03  -7.8101164e-01   1.1501645e+00
  -1.3103355e+00   4.6346746e-03  -5.2719826e-01   5.3486294e-01   1.5511745e-01  -1.2065853e+00   3.8547415e-01   3.0080354e-01
  -1.0138866e+00   1.2092332e+00   2.0842719e-01   7.3418248e-01  -1.8098252e-01  -1.0318528e-01  -8.4316742e-01  -4.1592136e-01
  -6.1840568e-02  -1.1898518e+00   7.1254230e-01   1.2206615e+00   8.5612796e-02   5.5749953e-01  -2.5451887e-01   4.4696999e-01
  -1.2467923e+00   8.7929159e-01  -4.6244356e-01  -6.9636416e-01   3.1450871e-01  -3.3638784e-01   1.0939131e-01  -8.6575925e-01
   1.0079343e+00   2.8874671e-01   7.8061670e-01   6.0758460e-01  -3.2860687e-01  -4.1970673e-01  -8.8343185e-01   9.2605829e-01
  -1.4550627e+00  -1.3834266e-01  -2.0371611e-01  -4.6620703e-01   3.8587114e-01  -6.1298770e-01   1.0172578e+00  -2.1293363e-01
  -9.0711808e-01   1.0229838e+00  -5.9676492e-01  -6.4959443e-01   2.9511625e-01  -8.3740699e-01   1.5904801e-01   7.3409760e-01
  -9.0034729e-01   1.4613318e+00   5.4869795e-01   9.5096789e-03   2.5586259e-01  -4.1566435e-01  -4.0521678e-01   5.9184551e-01
  -1.0276912e+00  -5.1940924e-01  -9.8442131e-01   1.1918386e+00   6.1629862e-02  -2.7151096e-01   3.4703484e-01  -2.9419520e-01
  -1.3572142e+00  -1.8118182e-01   9.3587774e-01   5.7878166e-02   9.1536176e-01   3.3060634e-01   4.3433875e-02   5.4484075e-01
   1.3831671e-01   2.2322959e-01  -2.1461938e-01  -1.4930238e+00   6.6719210e-01   2.3192792e-01   3.8963923e-01   1.0025473e+00
  -1.1622961e+00   2.3486570e-01  -5.0250447e-01  -1.0791049e+00   6.2242985e-01   5.4260921e-02   6.4035630e-01   6.1360306e-01
  -6.8631369e-01   1.3433818e+00  -1.0771170e+00   2.4303666e-01  -2.1600255e-01   1.8745759e-01  -6.2109464e-01  -1.9363753e-01
   1.6755354e-01   2.9463175e-01  -4.9169642e-01  -9.6263707e-01   8.8681316e-01   6.5443194e-01  -1.0950795e+00   5.5024058e-01
  -1.1457236e-01   1.0484565e+00   1.8855783e-01  -4.7209457e-01  -1.6539672e-02   1.4987826e-01   1.2180547e+00   1.0596180e+00
  -9.5502019e-01   3.9862508e-01   4.5254493e-01  -3.0835366e-01  -5.4473341e-01  -9.2953670e-01  -9.2423849e-02  -1.2082386e+00
  -8.0606073e-01   7.6732129e-01  -9.9152960e-02  -9.5984548e-01   4.3662673e-01   1.0081539e+00   9.6462980e-02   7.8359890e-01
  -6.1311555e-01  -4.0969089e-01   1.1109302e+00  -6.7268479e-01   9.8452121e-01   7.4644971e-01   3.2479694e-01  -3.7095818e-01
