  -4.7651917e-01  -1.1495748e+00   1.1131339e+00  -6.5154296e-01  -1.0896873e+00  -4.9686417e-01   6.8133944e-01   6.6426915e-01  -1.0403878e-01   4.8812070e-01   7.5126670e-02  -4.3969670e-01
   7.7268817e-03  -9.7077155e-01   8.8146560e-02  -9.5232171e-01  -7.7179396e-01  -1.2075777e+00  -1.0274796e+00  -1.5965839e-01  -8.7480074e-01  -3.5056314e-01  -2.1186464e-01   2.7328506e-01
   4.3153763e-01  -5.1349157e-01   7.1006203e-01  -5.6088004e-02   6.8560070e-01  -9.8488581e-01   2.9065531e-01  -7.9963261e-01  -1.4909033e+00   7.8614622e-01   1.7214170e-01   9.1514170e-02
   8.8482118e-01  -7.3347771e-01   3.8161114e-01   7.2183162e-01   7.8940594e-01  -6.1785448e-01   8.6299109e-01  -8.2313132e-01   2.4912988e-01  -8.0600780e-01  -3.4361711e-01   8.6916173e-01
   1.3037519e+00   1.2519996e-01   1.2830912e+00  -1.9411212e-01   6.1579478e-01   5.8433324e-01   1.9482090e-01   1.0109655e+00  -3.5184717e-01  -2.6181513e-01   4.5798737e-01  -6.4637619e-01
   1.0612514e+00  -6.7109305e-01   2.6709440e-01   1.0759453e-01   1.6622260e+00   2.6562858e-01  -6.7781091e-01  -8.1878614e-01   1.7005837e-01   4.7645137e-01   2.7073485e-01  -2.1874098e-01
   1.3986309e-01   7.8537744e-01  -6.9446707e-01  -4.6782053e-01   4.4032407e-01   1.2318661e+00   1.4448741e-02   3.8974443e-01  -3.3693305e-01  -1.0600221e+00   6.4059621e-01  -1.0730591e+00
  -7.7511644e-01   7.2049028e-01  -8.3936960e-01  -9.2027503e-01   1.3290113e+00   4.7651362e-01  -4.5100299e-01   6.9771802e-01  -2.3374307e-01   1.4307231e-01  -6.8544006e-01   3.1647503e-01
   1.5874341e+00  -1.0365474e+00   4.8205230e-01  -1.8288318e-02  -3.7934989e-01  -2.1764304e-01  -8.7306768e-02   3.0111632e-01  -7.9890482e-02   1.0875502e+00  -6.1682904e-01  -5.6010711e-01
   3.4286109e-01  -8.3690912e-01  -1.1447299e+00   8.1893104e-01   3.2279006e-01  -2.4083062e-01   1.3022356e-01  -1.2270658e+00   9.7779566e-03   2.4366710e-01  -5.8487040e-01  -1.0557414e+00
  -6.5498042e-01  -7.9454784e-04   8.6594492e-01  -1.3792591e+00   2.6063892e-01   3.3246982e-01   1.2428533e-01   2.3085329e-01  -8.5942411e-01  -1.2689092e+00  -4.9255627e-01  -2.8323689e-01
   2.8986841e-01  -1.5295871e-01  -1.2037329e-01   5.8895141e-01  -4.3805200e-01   4.0926495e-01   1.9214629e+00  -4.0595403e-01  -1.0270654e+00   4.0331501e-01  -3.1937063e-02   3.1060305e-01
  -2.9043627e-01  -4.0764336e-02  -2.5594208e-02  -5.8106124e-01   1.3656893e+00  -6.4114660e-02   1.2356585e+00   5.9292883e-01  -4.3606937e-01   4.4512033e-01   9.3349403e-01  -7.5389880e-01
  -4.8993883e-01  -1.4141735e-01  -5.6263655e-01   7.9817641e-01  -2.9905763e-01   1.1928557e-01  -3.4967121e-02  -1.0048481e+00  -9.5684212e-01   4.5360878e-01   1.4344358e+00   7.0199335e-01
  -4.2585745e-01  -2.7626702e-01  -1.1263262e+00   4.5405644e-01   1.2136542e+00  -1.3620024e+00  -6.6089010e-01   2.5915560e-01   2.4283646e-01   3.6287022e-01   4.9166781e-01   5.6723434e-02
   4.2814565e-01  -1.3062954e+00  -7.6718777e-01  -4.8949945e-01  -4.2233404e-02  -1.0653535e+00   1.0670770e+00  -2.1371007e-01   1.1206771e-01   3.3504403e-01   8.9000714e-01   2.0996070e-01
   7.7399313e-01  -6.4414424e-01  -1.3219359e+00  -1.3405776e+00   5.9299922e-01  -1.8040004e-01  -4.4548717e-01  -6.2410969e-01  -1.4120404e-02  -6.1186276e-02  -5.5370158e-01   3.9831820e-01
  -2.8750923e-01  -1.7115332e-01   5.9841448e-01   1.9915859e-01  -6.3032615e-01  -2.2492032e-01  -6.8535364e-01   8.7896657e-01  -1.0576623e-01  -9.8101461e-01   2.8172317e-01  -1.6574512e+00
   4.5757689e-02  -7.1150947e-01   1.9318748e+00  -1.9708180e-01  -1.1184125e-01   3.5619980e-01  -1.1164750e+00   2.6644653e-02  -2.8440058e-01   4.0280983e-01   2.0806369e-01   2.1825485e-01
   1.5462448e-01   2.2282736e-01  -1.9237819e-01  -1.3434599e-01  -6.2219638e-01   3.5508013e-01   1.5006567e+00   8.2625109e-01   1.3551988e-01   5.3173240e-04  -1.7092611e-01  -1.5414044e+00
  -4.6324465e-01  -4.2659998e-01  -3.3579654e-01  -2.9853845e-01   3.4488320e-01  -1.9099106e-01   1.3764160e+00   1.0370505e+00  -4.3431029e-01  -1.0172230e+00   1.1861712e-01   1.0191553e+00
   1.0995226e+00   1.9121630e-01   5.7667452e-01   8.8234884e-01  -9.6098766e-02   7.2902089e-01  -8.0247903e-01  -9.6918803e-01  -1.1213470e+00  -3.2680145e-01   1.1524916e-01   3.7668157e-01
  -5.8076817e-01  -4.2625707e-01   1.0681784e+00   6.2836605e-01   1.4722979e-01   1.0640298e+00   3.0044731e-01  -1.5653574e+00   1.7861040e-01   4.2985942e-02   4.5283902e-01  -1.0910446e-01
  -5.4162318e-01  -2.0675322e-01  -2.1059059e-01  -2.8641018e-01   4.2701015e-01  -1.0396913e+00   1.0185272e+00  -3.6855397e-01  -3.1983215e-01  -6.4022297e-01  -1.6010647e+00  -1.5939291e-01
   6.5482801e-01   1.2222710e-01  -8.6837214e-01  -2.0135744e-01  -3.7801954e-01   6.5501392e-01  -5.0780874e-02  -8.7942658e-03  -6.9657683e-01  -5.1393473e-01  -1.5909679e+00  -9.5211416e-01
   7.4666655e-01  -5.6110269e-01  -6.2913850e-02  -1.7800789e+00  -4.5220274e-01  -7.7802718e-02   1.8693903e-01   5.0557870e-01   4.8616892e-01  -6.6816241e-01   7.4703401e-01  -4.6157959e-01
  -4.1814244e-01  -1.3107222e+00  -7.2577000e-01   6.5000057e-01  -1.4228454e+00   3.7451741e-01  -1.7196434e-02   1.6099946e-01  -6.2829989e-01   6.3810104e-01   7.4902214e-02  -3.9926097e-01
   1.1930314e-01  -9.0278694e-03   1.3893692e+00   6.9582415e-01   8.4426242e-01  -1.4262748e+00  -1.4663467e-01   8.3857071e-01  -8.3270580e-02  -1.2597181e-01  -2.6352257e-01  -8.4728658e-02
  -2.7999973e-01  -1.4271408e-01   7.1299189e-01  -1.0473821e+00   9.3454856e-01   1.5830680e+00  -3.0287409e-01   9.0536259e-02   7.9380876e-01   3.8148344e-01   3.2304436e-02  -1.9936424e-01
  -1.1302763e+00  -1.1087618e+00  -2.1832412e-01  -2.4178825e-01   7.6305252e-01   6.3535690e-02   7.5081430e-02  -6.8330020e-01   9.7832941e-03   1.4974202e+00   2.5139302e-01  -1.5037183e-01
  -2.1648878e-01  -1.3152598e-01   1.0063459e+00  -6.8583411e-01  -6.7049342e-01  -4.9954632e-01   5.1878661e-01  -1.1431637e+00  -1.4941569e-01  -8.0150247e-01   2.6923540e-01   1.2001847e+00
  -3.7271339e-01  -1.1243566e+00   4.8008204e-01  -9.8105937e-01   1.1486194e+00  -8.5416478e-01  -7.7992640e-02  -5.1856756e-01   5.9595114e-01  -7.1379220e-01   4.5585766e-01   8.6991571e-02
