  -2.7968594e-01  -4.3301713e-01  -1.0286537e+00  -5.2473348e-01   1.0545839e+00  -3.6854988e-01   8.4109652e-01  -1.5742509e-01   1.5522949e-01  -7.2970122e-01   3.9403594e-01  -1.2664979e+00  -1.2754626e+00  -2.3063532e-01  -5.4764962e-01   3.5332292e-01
   7.5381356e-01   2.0204377e+00   7.7276254e-01   2.4309525e-02  -6.8586302e-01   1.3583131e-01  -2.2241122e-01   1.1008734e-01   1.8124138e-01   1.6524404e-02  -3.4094283e-01  -2.4327058e-01   4.1441631e-01  -1.0265144e+00  -7.3363966e-01   4.7870046e-01
   7.3186290e-01  -3.1055322e-01   8.3654660e-01   6.1601394e-01   2.8274745e-01   3.6647370e-01   9.2372227e-01  -1.0820471e-01  -3.9029751e-02   1.8745713e-03  -2.6586115e-01  -2.7056465e-02  -1.7656946e+00  -7.7732839e-02   1.1351436e-01   1.4141724e+00
   3.8053963e-01  -8.5379803e-01  -9.6131819e-01  -3.1247601e-01  -1.5599613e-01  -9.3748134e-01  -1.7187007e-01  -7.2546929e-01   3.7164736e-01  -5.0736266e-01   8.4092134e-01   1.2496266e+00  -1.2479409e-01  -1.7460221e-01   3.9874449e-01   1.3326976e+00
  -1.1374370e+00   1.1368189e-02   4.1582769e-01   5.3852016e-01   1.0010124e-01  -2.4006318e-01   8.2495883e-02   4.4019285e-01   2.0500900e-01   1.1763816e+00  -9.1465980e-01  -2.2037317e-01   6.0201824e-01  -1.7538021e+00  -4.4202292e-01   1.7396915e-01
   5.9535259e-01   7.3665291e-01   7.9942353e-02  -1.9729080e+00  -8.3934009e-02   2.0258863e-01   6.0135618e-02  -2.0962460e-01   8.0123729e-01   8.0973023e-01  -2.5268879e-02   6.9810575e-01  -2.5745615e-01   1.7321402e-01   8.1764197e-01  -7.4701858e-01
  -3.2950449e-01   2.8448594e-01   4.5569131e-01  -5.1455174e-02   5.2407563e-02   3.8055342e-01  -7.7921838e-01   8.4192038e-01  -2.0949092e-02  -1.5592492e+00   6.5550500e-01   3.7216556e-01  -6.0803854e-01   3.7619388e-01  -5.8157855e-01   1.5123680e+00
  -6.7166173e-01   2.4109024e-01   1.9064510e+00   2.4826026e-01   1.2379885e+00  -2.7292442e-01   4.3640941e-01   1.8258806e-01   1.4255035e-01  -1.0076549e+00   5.2458908e-02  -3.5364291e-01   3.4378836e-01  -6.8941402e-01  -4.3365327e-01   1.3646105e-01
   9.4443923e-03  -6.6571629e-01  -9.4854720e-02   1.0954002e+00  -6.9342738e-01   9.4707072e-01   7.6012856e-01  -7.2024781e-01  -8.3664013e-04   5.9994128e-02  -1.2335546e+00  -1.0293241e+00  -1.4833540e-01   1.0124710e+00   4.9155620e-01   1.8501976e-03
   9.0634185e-01   1.7306812e-01   1.1934814e-01   5.2065778e-01  -8.3810467e-01   4.1085821e-01  -1.8155622e-01   3.1627896e-01   1.8397499e+00   7.1561500e-02   3.8887498e-01   4.0664965e-01  -5.7077873e-01   4.3686321e-01   1.2722186e+00   1.3220704e-01
  -9.4542539e-01  -6.0449445e-01   5.4759821e-03  -8.7042230e-01  -9.0045190e-01   1.0477476e+00   8.8585073e-01   1.0562347e-02   7.6607847e-01  -3.1357196e-01  -7.6554531e-01   4.7374755e-01  -1.1895697e+00  -3.5211140e-01   4.9933854e-01  -7.4590802e-02
  -3.2286128e-01  -1.7833363e-01   1.0327756e+00  -4.3276139e-02   5.0834370e-01  -1.4922260e+00   2.7841267e-01  -6.0545856e-01   4.4461584e-01   1.0130225e+00   2.0436172e-01  -4.6224439e-01  -5.4273897e-01   1.3092721e+00  -3.9408821e-01   4.7203568e-01
   1.9484363e-01   5.8998615e-01   5.7737654e-01   6.8725312e-01  -3.5769513e-01  -9.8571092e-01   6.5047383e-01  -1.5299436e+00   1.2836351e+00  -6.4979535e-01  -5.6240755e-01  -1.0275047e-02   5.2135563e-01  -2.7413583e-01   1.4563715e-01   4.3626052e-01
  -3.6243120e-01   2.2768978e-02  -1.4333624e+00  -8.8477373e-01   9.6185744e-01   5.2030879e-01   7.5115645e-01  -6.4571850e-02   9.5457715e-01  -3.9445339e-03  -8.0668581e-01   5.4124010e-01   2.0640072e-01   1.0276934e+00   2.1125905e-01   5.1785731e-01
  -1.3903537e-01  -7.6093775e-01   2.5492078e-01   3.7947291e-01   6.0714459e-01   3.2826659e-01   1.3640128e+00  -6.0509884e-01   9.6479803e-02   4.6703058e-01   2.3213428e-01   3.6197242e-01   1.7277224e+00   7.8678465e-01  -5.3674459e-01   4.3024915e-01
   5.6591157e-02   1.2630330e+00  -1.5130328e-01   5.9604239e-01  -4.4321260e-01   1.1215296e+00   6.4067274e-01  -9.7836566e-01  -7.6216495e-01  -5.6441760e-01   3.5005966e-01  -6.1228174e-01  -1.1037172e+00  -4.5725343e-01   5.6768858e-01  -2.3456913e-01
   6.9479483e-01  -1.3351862e+00   4.5751524e-01   4.5951074e-01  -2.2586533e-01  -5.6072414e-01   1.4382583e+00   2.5051531e-01   4.3052888e-01  -1.2489973e+00   4.3299758e-01   2.4801823e-01  -4.9220759e-01   9.4819672e-02  -5.4008061e-01  -5.2915066e-01
   2.2159989e-01   4.9821022e-01  -7.0162900e-02   3.6155501e-01   2.5534460e-01  -5.2085704e-01  -8.1730670e-01  -4.8391777e-01   1.0396726e+00  -4.3356401e-01   1.3762586e+00  -1.2045050e+00  -1.0696994e-01  -9.3588120e-01   1.3587578e-01   8.9932263e-01
  -5.9252572e-01  -8.7977499e-02  -3.8832888e-01   6.3829392e-01  -1.1652709e+00   2.4373366e-01  -1.3400979e+00  -1.8955860e-01   9.4725639e-01  -5.8997005e-01  -1.2547271e+00  -5.6020236e-01   5.0756353e-01  -4.2335257e-01   2.0432940e-01   4.7092745e-01
  -5.6456184e-01  -1.9010644e-01  -7.1652228e-01   8.5982573e-01   1.4035539e-01   7.7851069e-01  -1.1432945e+00  -5.4347739e-02  -8.8958606e-02  -2.9169115e-01   1.2550466e-01   5.2385652e-01   9.0248525e-01   1.6828505e+00   4.0199094e-02   6.5216213e-01
  -2.0425016e-01   1.1333193e+00   2.8322026e-01  -3.5666981e-01   1.6353017e-01   7.6500422e-01  -1.0155439e+00   8.2740098e-02   5.0543004e-01   8.0135874e-02   1.4429061e+00  -4.0108538e-01  -1.2986150e-01   8.8867450e-01  -9.3146062e-01  -7.9833549e-01
   1.0031086e+00   9.0338063e-01  -2.5820792e-01   9.4402188e-01   2.7939087e-01  -6.1971631e-02   1.1249119e+00   1.3537693e-01   4.7323051e-01   7.3008344e-02  -1.2406791e+00   7.4842073e-02  -5.0777215e-01   2.5058818e-01  -1.1617391e+00  -6.4011431e-01
   1.1104379e-01  -5.1560867e-01   5.9290153e-01  -1.1662951e+00   1.3890210e+00   9.4164759e-01  -5.8102441e-01   4.4644699e-01  -4.9559826e-01  -2.6985698e-03  -6.7035073e-01  -8.0157541e-02   1.2420183e+00  -4.6063989e-01   4.2239246e-01  -1.4973861e-01
   1.4787934e+00   5.8840907e-01   2.1291128e-01  -5.5637741e-01   7.1783984e-01  -1.3727075e-02  -1.8625213e-01  -5.7274395e-01  -1.7713273e-01   5.6747895e-01  -1.2968655e+00  -1.1900854e+00  -3.0024740e-01  -1.1664509e-01   7.4105078e-01   3.5967553e-01
  -1.1594131e+00   2.2298762e-01  -1.3968484e-01   8.4527606e-01  -1.7837824e-01   4.6571261e-01   1.0596499e+00   5.8347762e-01   1.2797240e+00  -9.9209718e-02  -1.0045681e-02  -3.0374303e-01   6.8278424e-02   4.8708111e-02  -2.2169916e-01   1.5375116e+00
   5.0180680e-01   7.6507378e-01  -3.1720560e-02   7.7414595e-02   7.1526575e-01   3.6721602e-01   4.1664001e-01   1.4099642e+00  -1.4260504e-01  -9.1962689e-01   3.4517217e-01   8.8731104e-01   1.1203797e+00   9.2479247e-01  -5.2044094e-01  -4.4039488e-01
  -1.2672634e-01  -1.3329412e+00   3.4565991e-01  -6.4682502e-01   1.4231893e-01   1.0387478e+00  -6.7955083e-01  -9.1271639e-01   1.0738683e+00  -9.3253516e-02  -1.5098542e-01  -3.0361238e-01  -1.0795699e-01   3.7939757e-01  -4.5647538e-01   1.2784443e+00
  -9.2015648e-01   7.3813611e-01  -3.3614224e-01   8.3365262e-01   5.3173530e-01  -3.1493196e-01  -2.1501651e-01   1.4492836e+00  -4.3428314e-01  -1.8723913e-01  -1.3699760e+00   5.0758463e-01  -5.3581679e-01   6.1036950e-01   1.2364481e-01   4.8871672e-01
  -1.1955725e+00   6.6028076e-01   4.9184600e-01  -1.0239512e+00  -1.9696775e-01   9.1881436e-01  -1.7262097e-02  -4.2886841e-01   4.7435316e-01  -1.9090812e-01  -2.9882935e-01   1.1953938e+00   1.1323382e+00  -1.6396397e-01  -6.6125387e-01   5.0095177e-01
   1.0660236e-01   1.5365492e-01   6.2678635e-01  -4.7537827e-01  -8.2955652e-01  -7.9462290e-02  -6.1163739e-03   2.3679674e-01   1.3866434e+00  -1.0750436e+00  -8.6549795e-01   3.4422201e-01   5.3007197e-01   8.6266601e-01  -3.6166662e-01  -1.2221074e+00
   9.2946917e-01   6.2397611e-01   8.5533164e-02   9.3375796e-01  -7.5017494e-01  -9.1667593e-02  -1.2083930e+00  -4.1823101e-01  -7.3852211e-01  -1.0390615e-01  -1.3692100e-01  -7.7053227e-02  -3.6553532e-01   3.6763304e-01   9.7014976e-01   1.3676137e+00
   8.9828575e-01  -3.1480694e-01   4.2119998e-01  -1.2319496e+00   3.2681590e-01   8.8648260e-01   4.7813168e-01  -6.1887741e-02  -2.5436047e-01  -9.4318420e-01  -5.6682956e-01   6.2002534e-01  -3.8562247e-01  -5.8313167e-01  -1.4189308e+00   3.3411807e-01
