   4.4800857e-01  -2.3831879e-01   6.8130690e-01   1.3032195e-01  -4.3046963e-01  -1.7431068e-01   3.0423075e-01   8.6535782e-01  -1.1212306e+00   9.4874960e-01   1.4088612e+00   2.6669496e-01   6.5010357e-01   5.4928359e-02   8.7935108e-01  -8.8996130e-01
   8.3314103e-01   1.6097668e-01   1.3594919e-02   6.5646875e-01   7.5352216e-01   2.8702277e-01  -3.3261907e-01   1.5180226e-01  -1.2742308e+00   8.9773303e-01   5.6892878e-01   1.3768948e+00  -4.8479721e-01   4.5125675e-01  -9.7895944e-01   1.3725705e-01
  -1.1484457e+00  -3.7680367e-01   7.0088750e-01  -1.4405006e-02   3.4985483e-02  -4.1012015e-02  -1.3998339e+00   7.9008156e-01   6.5536219e-01   1.0663241e-01  -9.0229642e-01  -7.9512334e-01  -1.7763938e-01  -1.7395785e-01  -9.3717080e-01   7.9601103e-01
  -7.4999404e-01   3.2190323e-02   8.4235497e-02  -4.0954205e-01  -5.5913830e-01   6.7776340e-01  -5.5237710e-01   1.5007335e-01  -1.1295518e+00   1.0201770e+00  -7.5340170e-01   3.6137956e-01  -1.3759093e+00   1.1167132e-01   8.1894284e-01   7.5557184e-01
   1.0810195e+00   7.6680803e-01   8.9751798e-01   3.3288017e-02  -9.2786476e-02   1.6708019e-01  -6.4246857e-01   4.2048538e-01  -8.5369945e-02   1.2848864e+00   1.4950287e-01   3.9681906e-01   6.5443331e-01  -1.3075684e+00   7.7931410e-01  -4.7673005e-01
  -2.6328123e-01  -5.0449151e-01  -9.4952462e-03  -2.4032439e-01  -7.8194392e-01  -8.3537441e-01  -7.1772689e-01   8.7582922e-01   1.2626206e+00   3.5423856e-02   1.5581431e+00  -5.5428829e-02   1.5895100e-01  -8.4556586e-01  -4.9543533e-01   1.2156788e-01
   1.4230341e+00   2.8612059e-01   4.1694056e-02  -8.2106787e-01   1.3506354e+00  -5.3612614e-01   8.5073439e-03  -5.2096212e-01  -4.1409263e-01   4.1935849e-01   2.6215842e-01  -2.8298703e-01   9.7928947e-01   3.0093852e-01   9.5096719e-01   6.1971295e-01
  -7.9693800e-01   1.0979422e+00  -1.5090514e+00  -2.2440866e-01  -5.1754177e-01  -1.0553880e+00   2.3770101e-01  -2.9439619e-01   1.5893314e-02  -2.9565981e-01  -7.5525600e-01  -7.5758442e-02  -9.7785783e-01  -7.6333499e-01   1.4272495e-01  -2.8961676e-01
   1.1085670e+00   7.1641415e-02  -1.0475413e+00   1.4282445e+00  -3.7069494e-01  -5.0997734e-01  -4.0664434e-01   1.0925967e+00  -6.7514849e-01  -3.6336514e-01   2.1238349e-01   6.1445780e-02   5.0803438e-02   1.0774378e+00  -4.7290351e-02  -2.6395312e-01
  -1.4792593e+00   7.0783623e-02   8.6806439e-02  -3.3859006e-01  -8.4377420e-01   1.6124721e-01  -1.3552375e-01   7.6675147e-01   2.9879031e-01  -3.8273805e-01  -4.1418239e-01   6.1149174e-01   2.3803592e-01   1.2051194e+00  -5.5573487e-01   1.3195928e+00
  -1.2310447e+00  -5.4421008e-01  -4.9644828e-01  -1.5496151e-01  -3.4796813e-01  -8.8058627e-01  -5.9219778e-01  -9.3107671e-02   2.9342210e-01   1.1537360e+00   1.0119928e+00  -8.3274198e-01  -3.4062293e-01   6.5479147e-01  -7.8654671e-01   6.0314709e-01
   6.9613165e-01   8.4657198e-01   1.7464720e-01  -8.0857295e-01  -3.2165483e-01  -1.3474934e-01  -1.3705697e+00  -8.7692118e-01  -6.3498449e-01   9.4977096e-03   4.1451776e-01  -3.4949055e-01   1.0024378e+00  -8.9105022e-01  -7.2790313e-01  -5.6514853e-01
  -1.9389953e-01  -5.1220006e-01  -4.3579921e-01  -6.1390537e-01   6.4344609e-01   3.7241054e-01  -8.4170438e-02  -1.1251956e+00  -1.4140748e+00   2.5848725e-01   9.1097832e-01  -1.3076180e-01   2.2447236e-01   5.6619930e-01  -3.2699969e-01   1.3842287e+00
   7.9567409e-01   9.4854767e-03  -8.7835491e-01  -1.5693922e-01   1.4182625e+00   9.5720869e-01   1.6539353e-01   9.1092235e-01  -3.5149166e-01   1.2519364e-01   1.0586282e+00   8.1121230e-01  -1.7335351e-01  -1.3113327e-01   8.5869020e-01  -2.8852761e-01
   6.6281193e-01  -2.3475628e-01  -3.2900310e-01  -6.4314574e-01  -3.7126344e-01  -4.1977090e-01   1.5100297e+00   3.7859279e-01  -4.5904127e-01   5.8008809e-02  -8.6511457e-01   4.9766347e-01   7.5738037e-01  -3.6678594e-01  -1.2474059e+00  -8.7850451e-01
  -1.7877895e-01  -2.4496943e-01   6.4259487e-01  -6.0749406e-01  -2.2269990e-01   2.3417877e-01   5.3464537e-03   5.6059259e-01  -5.4706270e-01   1.2643716e+00   2.5227332e-01  -1.1550632e+00   1.9940402e-01   1.0168469e+00  -1.0875697e+00  -1.0747325e+00
  -5.8525604e-01  -2.8500071e-01   1.5987524e-01  -6.5459061e-01  -5.6734979e-01  -9.6428871e-01  -3.1412897e-01   1.2121938e+00   7.5048244e-01  -1.7268822e-01  -4.0845382e-01  -6.0042180e-02   1.8031883e+00   1.9880457e-02  -5.2597761e-02  -5.3313851e-01
   9.8547667e-01   8.9700997e-01   5.7208292e-02  -4.7878668e-01  -6.0089320e-01   1.5336765e-01   6.7867255e-01   1.9929694e-01  -2.9789796e-01   8.2218438e-01   8.5125709e-01  -1.5327132e+00  -3.5757360e-01   2.1882625e-01  -1.6877723e-01   1.0314947e+00
  -1.5117536e-01  -1.1720377e+00   9.3324339e-01  -2.6588315e-02   8.8860196e-01   7.0827872e-01   5.3697920e-01   3.3992648e-01   7.6628417e-01  -1.8251602e-01  -7.8404903e-01   4.5353256e-02  -3.4100509e-01  -1.1329776e+00  -1.1406620e+00  -3.1357318e-01
  -1.6585436e+00  -3.0894804e-01   9.2180645e-01  -3.5184476e-01  -3.7010011e-01  -7.6424325e-01   4.5500827e-01   4.4562048e-01   1.2160196e+00   3.5666054e-01   5.8049190e-01  -3.5359704e-01  -1.5818565e-01  -3.6749583e-01  -3.3120269e-01  -8.4612477e-01
  -1.4573886e-01  -3.7634695e-01  -2.9533443e-01  -7.7378631e-01  -1.2170810e+00   9.2729455e-01   9.9147707e-01   6.9838119e-01  -1.1097387e+00   1.0233959e-01   3.7876305e-01  -8.9802003e-01  -7.5401950e-01  -5.1097971e-01   4.1071046e-02  -5.6214297e-01
   6.5885562e-01   4.1772312e-01   1.0264201e+00   4.7755364e-01  -5.4680514e-01   8.2073063e-01  -1.0846058e+00  -1.3267734e+00   4.8510349e-01   3.0217716e-01   5.0412619e-01   9.7836345e-01   7.3750168e-01  -1.6454686e-01   2.9307315e-01  -7.5348295e-02
  -4.0774012e-01  -1.5061764e+00   2.3799390e-01  -1.5260775e+00  -7.1431059e-01  -1.4341597e-01  -2.6605651e-01  -2.3173374e-01  -7.5868416e-01   1.6994953e-01   1.9087063e-01  -5.7495528e-01  -4.8745459e-01   7.4968219e-01   1.9931550e-01  -8.4467858e-01
  -7.8269076e-01   9.2128962e-01   1.0891650e+00  -1.7585365e-01  -9.7913247e-01  -2.1905330e-01  -1.1327463e+00  -1.0304951e-01   1.1839157e+00  -2.9751948e-01  -2.8711748e-01   3.9370373e-01   5.4626060e-01  -7.9958659e-01   3.1965429e-01   5.0345212e-01
   7.5969130e-01  -6.5147080e-02   9.4241232e-01  -6.6739535e-01  -4.8676718e-02  -6.0495007e-01  -5.0693351e-01   3.6587384e-01   6.2639302e-01  -1.0649489e+00   5.4154295e-01  -7.8970473e-03  -6.2303126e-01   1.0624757e+00  -6.6551286e-01  -1.2434404e+00
  -1.2033178e-01  -6.7559749e-01  -1.0208582e+00   6.2244926e-02   3.6836624e-02  -1.8908678e+00  -2.3492832e-02   3.8750827e-01   1.1081880e+00   1.1283325e-01   3.0199835e-02   7.6333597e-02   4.3995252e-01  -9.5677596e-01   6.1776561e-01   1.3208260e-01
  -2.6960555e-03  -7.9417326e-02   2.3848057e-01  -1.3114468e+00   1.0046569e+00   5.8555305e-01  -9.5972890e-01  -7.3356926e-01   4.8809704e-01  -4.9543089e-01  -4.0522745e-01  -1.0277535e+00  -2.7930278e-01  -7.6228213e-01  -1.0147305e+00  -1.1211513e-01
   4.2856210e-01   1.8215830e+00   6.7661572e-01  -3.3609331e-02   7.0308012e-01  -7.9434037e-02  -4.4753054e-01  -5.8743358e-01   1.0136404e+00  -8.0351752e-01  -2.7357814e-01  -1.6914195e-01   7.1945482e-01  -4.0076101e-01  -3.9203629e-01  -6.2029088e-01
   3.2887322e-01   4.0724313e-01   8.5301965e-02   6.5192455e-01  -1.7294340e-01  -4.2937136e-01   4.8495594e-01   1.4006841e+00   2.8514099e-01   6.9683957e-01  -2.3764005e-01  -1.4082385e+00  -1.1954845e+00  -8.3963931e-01   3.5301977e-01   1.3056321e-01
   6.3428022e-02   8.7356351e-02   5.6647718e-01  -1.6588676e+00  -3.0840510e-01   2.4586309e-02   8.9146805e-01  -2.3947652e-01  -6.3868320e-01  -7.0329201e-01   9.9818683e-01  -2.8719971e-01   5.0151855e-01  -3.7303075e-01   1.1456839e+00  -5.3213221e-01
  -3.6798897e-01   1.8296531e-01  -6.9569245e-02   1.5778128e+00  -6.3207239e-01  -2.2828788e-02   5.4609233e-01   3.7817094e-01  -9.3428217e-02   5.4426450e-01   1.5866038e+00  -7.4260747e-01  -4.5331651e-01  -3.3487296e-01  -8.5208017e-01   2.7946737e-01
  -3.5175025e-01  -2.0460990e-01   2.7524957e-01   4.8515153e-01  -1.2225565e+00   7.0119637e-01  -4.9814957e-01  -7.5123131e-01  -1.3133395e-01   1.5038635e+00   8.0464548e-01  -1.5103757e-01  -4.2911127e-02  -3.5471082e-02   7.3040235e-01   1.1129876e+00
  -6.6908890e-01  -1.9283755e-01  -1.0031147e+00  -3.3798757e-01  -3.8865662e-01   7.9604399e-01  -7.1698248e-01   1.3830122e-01  -2.5236773e-01  -6.7808889e-02   2.0919323e+00   1.3935700e-01  -6.6589969e-01   2.5549611e-01   3.2238513e-01  -1.4352283e-02
  -7.5801277e-01   4.2649552e-02  -1.5032677e-01   1.3908404e+00  -5.7600701e-01   7.1411496e-01  -2.5332244e-03  -1.3083800e+00   4.4962394e-01  -3.0383089e-01   9.0029716e-01   3.2716230e-01  -6.0067058e-01  -9.8978478e-01   5.7273108e-01   1.8002464e-01
   9.3604350e-01  -3.4928331e-01   9.2832819e-02   3.9316523e-01  -9.4826895e-01  -3.3628306e-01   1.9593446e-01   8.2136452e-01   5.7101965e-01   1.9587782e-01   1.3595873e+00   9.6115696e-01  -8.7599719e-01   5.5589527e-01  -9.2059803e-01   2.2950786e-01
   6.0634112e-01   5.6454027e-01  -2.7298859e-01   1.8586990e-01  -6.9497472e-01  -2.5539633e-02  -1.6578635e+00   9.4097650e-01  -1.3241256e+00  -7.5500503e-02   5.8479089e-01  -3.9093190e-01  -2.0203812e-02  -5.5209410e-01  -4.0707719e-01   6.0186237e-01
   4.1257727e-01  -6.0314536e-01   9.2897683e-02  -3.7637240e-01   8.2959151e-01  -2.0121729e+00   8.9748669e-01  -4.6307918e-02  -2.7672893e-01   2.8510094e-01  -5.1433462e-01  -1.8544012e-01  -4.9560997e-01  -2.3820736e-01  -8.8516170e-01  -4.7785676e-01
  -3.1369358e-01   7.0387822e-01  -8.6361718e-01   7.0475686e-01   1.0151308e+00  -5.3961515e-01   2.0383637e-01  -1.3310988e-01   3.7786275e-01  -6.3477826e-01  -1.7786746e-01   5.7516605e-01   1.5949215e-01  -1.4319032e+00   3.2739508e-01  -1.3005940e+00
  -7.0997810e-01  -1.2532729e+00   6.4473987e-01   3.8390920e-01  -8.3081251e-01   1.1189137e+00   2.4399060e-01   1.5958073e+00  -2.1350883e-01   9.8783053e-02  -5.5693036e-01  -3.8937342e-01   1.7074455e-01  -4.9516559e-01  -1.1180994e-01  -9.9202640e-02
  -6.3216990e-01  -1.0283889e+00  -6.2961352e-01   3.2305174e-02   9.3475476e-02   2.6217264e-01   6.3486838e-01  -1.1104869e+00  -1.1670383e+00   9.2114687e-01   7.9273999e-01   2.3618734e-01  -8.5753836e-02  -6.4441842e-01   7.7600884e-01  -7.1559787e-01
   2.3533030e-01   6.3770527e-01  -8.9849907e-01  -5.9722048e-01   2.9246160e-01   3.8838553e-01   7.8043841e-02   2.9633278e-01   1.0900640e+00   6.6745949e-01   7.2738737e-01   1.0922128e-01   1.5436691e+00  -1.1764374e+00   2.5246084e-01   1.9565117e-01
   5.5873209e-01  -1.5723614e+00   4.8141989e-01  -1.0263159e+00   6.8395175e-03   2.5570112e-01  -1.4991609e+00   9.4802320e-01  -2.6786578e-01  -2.5213957e-01  -1.7825110e-01   5.4602996e-02   1.7135862e-01   2.5272682e-01  -3.7548237e-02   6.7381114e-01
   3.8798833e-01  -7.4007279e-01  -8.4960866e-01   1.3470690e+00   1.2132686e+00   1.7054117e-01  -8.3899415e-01  -3.1848531e-02  -6.4496231e-01  -5.9943322e-02   7.1217906e-01  -4.7554749e-01  -9.8509055e-01  -5.4348159e-01   1.1188480e-01  -3.5789487e-01
   1.1007546e-01   2.8009325e-01   1.1162358e-01   3.9890739e-01  -1.6682838e+00  -3.6659922e-02  -7.2911167e-01   6.7905647e-01   8.5378212e-01   1.0997233e+00  -3.6582512e-01   9.8927802e-01   7.9872847e-01   3.3737877e-01   3.7757346e-01   1.2417511e-01
   7.3822588e-01  -1.2687055e+00  -1.0406142e+00  -5.6170034e-01   8.2708740e-01  -4.4207627e-01   2.2651089e-02  -3.7192479e-01   4.2606282e-01   8.1934571e-01   1.5953030e-02  -6.4165282e-01  -1.3417747e+00   4.4245120e-02  -4.8345992e-01   3.5748872e-01
   5.6715392e-02  -4.6396637e-01  -9.2106003e-01  -9.2544901e-01   6.0596871e-01   5.2345681e-01   5.7367653e-01   1.1196826e+00   5.5828089e-01  -1.1124247e+00   9.5802122e-01   1.9892159e-01   6.1499113e-01   3.5858837e-01  -9.1557384e-01   3.3108100e-02
   1.1868734e+00   5.4119354e-01  -6.7682296e-01   5.1957764e-02  -6.3407135e-01   4.2617747e-01   1.1892836e-01   9.3170315e-01   5.1063437e-02  -4.5881787e-01  -3.7691823e-01  -9.0718049e-01   3.3778450e-01  -7.7471513e-01   6.4699280e-01   1.4355197e+00
  -6.9805667e-02  -1.5469673e-01   8.7982190e-01   5.9962082e-01  -1.8972045e-01   3.8350248e-01  -9.9072981e-01   1.0860642e+00  -5.5110341e-01   1.0371814e+00  -5.5809919e-02  -1.1450444e+00  -6.2996727e-01   7.4059582e-01   8.6196256e-01  -3.3375621e-01
  -1.7453027e-01  -5.0513566e-01  -9.0502506e-01   6.2144732e-01  -6.5491444e-01  -9.9655455e-01  -1.6835252e+00   2.9545146e-01   8.0784523e-01   1.0156294e-01   4.9702346e-01   4.0541023e-01   4.2884314e-01   9.5126492e-01   2.4633694e-02   4.2322658e-02
   7.2761863e-01  -2.7640238e-01  -1.0138196e-01   6.3950010e-02   3.6987886e-01   6.0733825e-01  -7.7899051e-01  -4.0249157e-01  -5.9810328e-01   1.3053070e+00   2.3776016e-01   4.4027120e-01   1.4995997e+00  -2.7710953e-01  -4.2624322e-01   1.1340702e+00
   2.8632095e-01   3.5560054e-01  -1.1302154e+00  -1.0870293e-02   2.4430941e-01   9.1298416e-02   7.7894616e-01   1.5587160e-01  -1.6872098e+00   7.0222360e-01  -9.0697235e-01  -2.2221179e-01   9.4897246e-01  -2.7094996e-01   3.1105557e-01  -7.2972465e-01
  -1.8931793e-03  -6.5076464e-01   3.1050006e-01   1.1778173e-01  -5.9344977e-01   5.2397564e-02  -1.1606015e+00  -8.5661590e-01   6.8131739e-01  -2.6946580e-01   6.7856535e-02   6.1167395e-01   1.0555253e-02  -1.1519982e+00  -8.9209771e-01   1.4113468e+00
   1.4782175e-01  -4.1150695e-01   5.6180656e-01   1.2741002e+00   3.3437473e-01   2.6022956e-01   5.5491346e-01   9.0189940e-01  -3.3493307e-01  -4.6868622e-01   5.5161494e-01   1.2722851e-01   1.4687622e+00  -6.4730793e-01  -5.4460901e-01   1.0216618e+00
   1.0355271e+00  -5.9969747e-01   3.5923484e-01  -1.1769751e+00   7.4333113e-01   7.0039444e-02  -5.1799786e-01   9.3637246e-01   6.8988955e-01  -4.3752071e-01   6.9011545e-01  -9.6325815e-01   6.6756624e-01  -8.3887941e-01   7.2478585e-02  -3.5362417e-01
   5.7894822e-02   8.7185341e-01   1.1448890e+00   8.1871200e-01  -6.1880165e-01  -2.5999182e-01  -4.3094707e-01  -4.5163265e-01   4.4553787e-01  -2.5086785e-02  -1.1687850e-01  -8.4626794e-02   9.9493837e-01   1.5481753e+00   4.0954274e-01   8.0051929e-01
   3.0929726e-01   4.9796510e-01  -8.7686747e-01   7.3946112e-01  -1.0795468e+00  -7.9191154e-01  -8.8058329e-01  -5.3872180e-01  -4.1904804e-01  -7.6987594e-01   3.2483977e-01  -8.8741630e-01  -4.9260139e-01  -5.3199947e-01  -5.3263181e-01  -1.0058621e+00
   1.3493124e-01  -3.2501471e-01  -5.1348507e-01  -3.6500365e-02  -7.3774493e-01   6.7440212e-01  -6.9381231e-03  -8.5248359e-02  -2.6264476e-02  -5.4235649e-01  -1.8972096e-01   8.4141707e-01   2.3204027e-01  -7.4312884e-01  -7.0992690e-01  -2.1108913e+00
  -2.3198068e-01   8.4466226e-03   7.6950327e-02  -1.6558769e+00  -8.5450768e-01  -1.2959242e-01  -4.5773691e-01   1.4862491e+00   1.1540560e-01   1.1477469e+00   2.3143718e-01  -1.5093307e-01   2.6420404e-03  -2.5631696e-01   2.3727043e-01  -7.0981562e-01
  -7.2149014e-01  -1.1051389e+00  -1.1459187e+00  -9.9891579e-01   8.9716524e-02  -2.3607165e-01  -4.0884992e-01  -5.7040417e-01   3.5193950e-02   1.8781133e-01   1.3276348e+00   2.2180395e-01   9.7149032e-01  -3.6525714e-01  -6.5143800e-01  -2.0238081e-01
  -4.8837453e-01   4.1799107e-01  -1.1570265e+00  -1.2554866e+00   1.6227476e-01   4.7079745e-01  -1.8506350e-01  -4.2459607e-01   3.3022243e-01   2.1442392e-01   7.6521617e-01  -4.5978144e-01   8.5708112e-01   1.1531689e+00   6.1941892e-01  -8.9958739e-01
   1.1783004e+00  -5.8706319e-01   5.3559071e-01  -1.0996832e+00  -3.8282639e-01  -1.0139784e+00  -2.2391775e-01  -3.6833468e-01  -1.4317734e+00  -6.6535616e-01  -8.2514197e-01  -2.4249355e-01   3.5800681e-01   1.4135496e-01   1.6461521e-01   5.1985305e-02
  -6.3965571e-01  -1.5148142e-01   6.8159795e-01   1.3912914e+00   3.2094717e-01  -1.4600132e-01  -1.8496142e-01  -4.1896087e-01   8.0015790e-01   4.6506354e-01   2.3188403e-01  -3.6576977e-01   1.0322303e+00  -1.6684745e-01   4.1416156e-01  -1.5888996e+00
  -7.3131102e-01   4.8470405e-01  -5.4259384e-01   6.5387541e-01  -3.7637177e-01   1.5919447e-01  -2.1155347e-01   4.7520819e-01  -5.1409340e-01   1.3821723e-01   4.6759513e-01  -1.0378761e+00   1.6132981e+00  -1.3125726e+00  -1.6312580e-01  -3.7322184e-01
  -1.7591134e-01   5.3799510e-01   2.3626426e-01  -5.8420289e-01  -4.6026808e-01  -6.4829558e-01   8.9994252e-01  -1.4677311e+00   2.4673980e-01   1.1066835e+00  -1.0919474e+00   2.4022761e-01  -4.5339417e-01  -2.4466059e-01  -7.4579835e-01  -5.7350612e-01
   8.3953106e-01  -9.7237699e-02  -2.8241128e-01   3.2773742e-01   1.8749657e-01  -2.7585396e-01   2.6467502e-01  -6.2672573e-01   5.9060878e-01  -1.2654897e+00   4.1276443e-01  -1.4545795e+00   4.7301319e-01   2.3088746e-01   1.1742563e+00   7.9503959e-01
  -1.7367133e-01   1.4468607e+00  -1.1350487e+00   2.9763883e-01   2.4214822e-01  -8.2929786e-03  -1.0521764e-01  -2.2117539e-01  -1.5438974e-01   1.2546456e+00   1.0567691e+00  -7.2012283e-03  -2.9221791e-01   3.3067125e-01  -1.0147861e+00   6.6445822e-01
  -4.0885121e-01   7.3839569e-01   1.6165982e-01   4.9317878e-01  -6.4825070e-01   5.3213996e-01   7.8174525e-01  -8.0215967e-01   3.9111319e-01   5.0351161e-01   1.5117126e+00   7.5607544e-01  -8.2460368e-01   1.0393873e+00  -1.8094546e-01   6.1717670e-02
  -6.7456758e-01   3.1314921e-01  -3.2585406e-01   2.8595215e-01   2.3085231e-02   6.0212916e-01  -7.4328285e-01   3.7440813e-01   1.0119827e+00   9.4487923e-01  -1.3859402e-01   1.3626137e-01  -1.6035812e-01   1.1854599e+00   4.8935214e-01  -1.6056234e+00
   8.9845441e-02   1.6938195e-02  -5.6349027e-01   1.2866819e+00  -1.9112709e-01   6.9272250e-01  -1.0571309e+00   7.1040161e-02   4.0594691e-01   3.8260463e-01   9.8124558e-01   1.0569172e+00   4.9690279e-01  -8.2453388e-01  -1.0208383e+00   1.4009818e-01
   8.1213242e-01   2.5487816e-01  -1.8193367e+00  -1.0956931e+00   3.5681328e-01  -7.3344934e-01  -3.6534697e-01   7.7369332e-01   3.7688518e-01  -2.6162535e-01   2.0724525e-01   4.7757083e-01   4.8718300e-02  -4.8775953e-01  -6.0280305e-01  -5.3144777e-01
  -8.2549745e-01   4.6630552e-01   3.9064708e-01   7.4996656e-01  -3.4713331e-01   1.1328383e-01   1.4294916e+00   1.0127255e+00   4.2224577e-01  -1.1748108e+00  -4.6736924e-03  -7.4671531e-01  -3.6310968e-01  -4.1433218e-01   8.5137738e-03   8.7406695e-01
   1.7760564e+00   2.0330265e-01   6.7002088e-01   3.8980089e-02   5.3933566e-03  -1.0692387e+00  -4.1683382e-01   3.2378173e-01  -7.5147319e-01   5.6323111e-01   1.7608094e-01   3.3422613e-01  -6.9222188e-01   5.9668654e-01   2.7944516e-02   1.0350460e+00
  -2.4000034e-01   1.0142927e+00   1.3239183e+00   1.7851239e-02   3.3590829e-01  -1.2041287e+00  -1.0154221e-02  -2.0674859e-01   2.6011074e-01  -4.1477993e-02  -5.9368908e-01   1.1412916e+00  -5.8688527e-01  -7.0253396e-01  -6.3083363e-01  -7.7109843e-01
  -1.0349674e+00  -1.1062890e-02  -4.2623562e-01  -3.0209151e-01   2.4472799e-02  -1.0819442e+00  -1.3478056e-01  -1.2988675e+00   5.4894465e-01   6.9779235e-01  -3.5256758e-01   1.0562974e+00  -5.0320014e-02  -4.9767479e-01   1.2045105e+00  -2.2356050e-01
   3.2484707e-01  -2.6107079e-03   5.8679849e-01   7.3018396e-01  -6.9792134e-01  -3.6338785e-01   6.7137188e-01  -7.0224208e-01   2.6375410e-01   5.5953797e-02   8.5405052e-01  -1.7991222e-01   1.1856730e-01   6.5007752e-01  -9.4673741e-01  -1.8128705e+00
  -1.5628268e-01   2.8040487e-01  -3.1951818e-01   6.9533110e-01   4.5778537e-01  -6.6227175e-02  -2.2326291e-01  -1.0589446e+00  -8.9955348e-01   9.9785417e-01  -6.4679360e-01  -1.8214200e-01  -3.3444044e-01   3.1577697e-01  -1.8172155e-01  -1.8507274e+00
  -6.6334838e-01   7.7391215e-02   3.7836528e-01   6.9435722e-01   5.7371199e-01  -6.1087114e-01  -6.0545361e-01   4.8210001e-01  -1.3662146e-01  -9.4962180e-01   8.0979359e-01  -1.2839180e-01  -5.7705945e-01  -1.2727785e+00  -2.4285024e-02   1.4426140e+00
  -7.5470322e-01   1.0517550e+00  -4.6746919e-01   1.1740870e-02  -2.6661101e-01   1.3640996e+00   1.1737176e+00  -2.6604655e-01  -1.0188673e-01  -2.9537462e-02   1.3377180e+00  -5.6758368e-01   1.5020721e-01  -7.5690347e-01   4.3185614e-02   7.1429975e-02
  -9.7650868e-01   3.7684980e-01  -6.0571682e-01  -8.7933075e-01   1.7191391e-01  -7.3007889e-02  -7.4559540e-01  -7.0211339e-01  -8.6751211e-01   4.1528398e-01   8.9819193e-01  -6.0724604e-01  -1.0288012e-01  -1.4776685e+00   3.4300554e-01   5.1794273e-01
  -8.0651617e-01  -7.2504602e-02   3.7218159e-01   1.0609550e+00  -5.7000571e-01  -8.9136666e-01  -3.9827429e-02   3.0851811e-01   1.0037180e+00  -1.9407488e-01   1.1071936e-01  -4.9897051e-01  -5.6858426e-01   1.4259166e+00  -1.0806621e+00  -1.8225583e-01
  -1.3345379e+00   1.6861985e+00   2.8809417e-02  -1.0186159e-01   2.0174624e-01   8.0458117e-01   6.1891492e-02  -2.3608299e-01  -2.0571460e-01  -2.8810042e-01   8.5273571e-03   3.2232365e-01   6.6099399e-01   1.0812035e+00  -8.7460184e-01   1.2958044e-01
   8.5815763e-01   1.0120735e+00   6.1609668e-01   7.6061499e-01   8.1932113e-02  -3.4097365e-01  -3.8069952e-01  -1.4132147e+00  -1.3139515e-01   1.8666955e-02   9.8192781e-01   3.9959320e-01  -6.4895862e-01  -6.0005432e-01  -1.0452446e+00   2.9322803e-02
   1.4575021e-01  -3.8676452e-02   3.9508156e-02   8.1381053e-01   8.0708653e-01  -1.3756697e+00  -9.9527919e-01   2.5844333e-01   8.0132592e-01   4.2277989e-01   3.8252845e-01   6.7103010e-01  -3.5023454e-01  -3.9226439e-02  -8.2457578e-01  -1.2208927e+00
   3.7924626e-01  -8.1414670e-01   1.3930829e-01   4.5908388e-02  -2.2675718e-01   1.1279727e+00  -1.7864171e+00  -5.2889156e-01  -7.8691721e-01  -3.7664258e-01   1.0384609e+00  -1.4056298e-01   4.7316420e-01   1.8507329e-01  -4.6173099e-01  -2.1559156e-01
   7.3887235e-01  -7.9844463e-01  -1.6556475e+00  -4.0073892e-01   6.1583418e-01  -4.5856982e-02   4.1687545e-01  -3.2218361e-01  -1.8070479e-01   1.4507471e-01  -2.3913077e-01  -3.7625137e-01   6.3961369e-01  -7.1975893e-01  -8.0350414e-02   1.4386749e+00
  -1.2676556e-01  -6.6786808e-01   1.0156382e+00  -1.1005169e+00   1.0433284e+00  -2.2464696e-01  -7.0587611e-01  -1.1959915e-02  -8.0913109e-01   1.0731343e-02   2.3125213e-01   1.7680019e-01   1.3926502e+00   1.0501884e-01  -9.8371559e-01   8.6984849e-03
   4.1007552e-02   1.2122838e+00   8.5007146e-02   1.3276592e+00  -8.0831921e-01   1.1589921e+00  -3.6080146e-01   9.0936893e-01   3.0045241e-01  -3.6207056e-01  -2.3779649e-01   7.8899786e-02  -1.9613924e-02   6.4790553e-01  -7.8491545e-01  -6.9613999e-01
  -5.1467305e-01   5.4256640e-02  -1.6196522e+00   1.1820353e+00   1.1412155e-01   5.2846652e-01  -1.9943772e-01  -6.0522097e-01   2.8812939e-01   2.5772369e-01   8.9306343e-01  -6.8132162e-01   1.9951610e-01   9.4708323e-02  -3.7575838e-01  -1.1883383e+00
  -4.6750590e-01  -7.4736243e-01  -2.9345077e-01   1.5138026e+00   2.3162296e-01   1.0234288e-01   4.1158956e-01   7.6597226e-01   4.6397224e-01  -2.9084024e-01   4.1285524e-01  -2.0737183e-01  -3.8315982e-01  -1.6716957e+00  -3.8236183e-01  -6.5118599e-01
   3.1590790e-01   7.8129482e-01  -2.5176159e-01  -8.6926991e-01   6.0141075e-01  -1.9928171e-01   1.4430300e+00  -5.9693700e-01   1.5270886e-01   2.5648776e-01   1.2410878e+00   1.3606870e-01   3.6446655e-01   2.6320530e-02  -3.7722516e-01   1.3064998e+00
   5.3117502e-01   5.8371983e-02  -1.3952890e-02  -7.5717932e-01  -7.9648203e-01   6.9589293e-01   6.3101852e-01  -2.8186750e-01   2.9547939e-01   1.4173439e+00   1.1004934e+00  -6.1195034e-01  -5.6504077e-01   2.8195813e-01   5.5973965e-01  -1.0727655e+00
  -9.2406434e-01   1.6310616e-01  -5.8397496e-01   1.7985935e+00  -6.8962955e-01  -6.5665483e-01   5.6884027e-01   2.5148836e-01  -1.5572134e-01  -9.3068862e-01  -8.4085053e-01  -5.9266083e-02  -1.1244331e-01  -4.4336945e-01   5.4995191e-01  -3.7052178e-01
  -1.0518500e+00   2.3781879e-01   3.4358358e-01   9.4009167e-01   9.0122902e-01   7.8799504e-01   8.2183987e-01   1.1188310e+00   2.7308434e-01   3.3017832e-01  -4.7300634e-01  -7.5050735e-01   5.6784290e-01  -2.4921450e-01   1.0222392e+00  -2.7342919e-01
   2.7837694e-01  -1.0227927e+00  -3.9123601e-01   2.0227641e-01   1.7827259e+00   6.2449831e-01  -3.1657442e-01  -3.2027048e-01  -6.2873918e-01   4.9869025e-01  -5.1022220e-01  -5.9251118e-01   2.3335035e-01   1.1107620e-01   1.2106419e+00   3.5167038e-01
   1.2678263e-01  -6.3294888e-02  -3.2010481e-01  -7.3319602e-01  -1.3482870e+00   4.9516451e-01  -5.0574893e-01  -3.6346397e-01  -1.4265872e+00   9.4133276e-01   2.4366966e-01  -6.0690570e-01   1.0524803e+00   2.8266406e-01   5.1612097e-01  -2.9319018e-01
   7.6739192e-01   7.7207643e-01   4.7095010e-01   3.4173712e-02  -1.2449098e+00  -8.2146752e-01   9.3040013e-01  -5.0660920e-01   3.4760606e-01   4.2246124e-01  -1.7570098e-01  -2.3474853e-02  -1.1242777e+00   1.2062765e+00   1.1236571e-01  -4.2741618e-01
  -9.7389668e-01  -1.3217285e+00   1.1573886e+00   5.5841619e-01  -2.1918601e-01   7.3182219e-01  -4.7538403e-01  -1.4685507e-01   2.6804751e-01   8.9952230e-02   2.3698087e-01  -3.8550943e-01  -1.1595747e+00  -1.0806508e+00   9.6437946e-02   1.2482726e-01
   8.8351345e-01   8.8890737e-01  -1.7146549e-01   6.8525159e-01   8.7080306e-01   1.0394552e+00   4.9578577e-01   4.8714176e-01  -8.0810612e-01   5.0974125e-01   5.3657025e-01  -5.1159912e-01   2.3575068e-01  -1.2454150e+00  -7.3262763e-01  -5.0090656e-02
   1.6528971e-02   2.1665980e-01  -2.8033537e-01  -5.2850908e-01  -1.0848586e-01   5.2385002e-01  -4.2540318e-01   8.0648237e-01   1.7425144e+00  -2.4070120e-01  -1.7446877e-02   4.1893321e-01  -8.8260055e-01  -3.3980820e-01  -1.4963745e+00  -2.7131733e-01
   2.7411970e-01  -3.0258200e-01  -9.2070568e-01  -6.8792558e-01  -7.5699233e-02   3.9758002e-03  -1.0997870e+00   4.9984607e-01  -2.3573925e-01   1.0633022e+00  -9.4816786e-01   9.4958651e-01  -2.2556657e-02   4.1559786e-01  -9.4441563e-01   9.9758005e-01
   2.3135065e-01  -7.3201960e-01  -1.3416214e+00  -1.2721421e-01   7.5663573e-01  -2.4933609e-01   7.1790665e-01   2.9438803e-01   4.6781260e-01  -4.5720896e-01   1.3666824e+00  -7.7132720e-01   1.1147888e-01  -8.1095475e-01   7.9597807e-01  -4.0430254e-01
   9.5407218e-02  -7.4424726e-01   1.9001618e-01   2.2632344e+00  -6.7020571e-01  -2.4696637e-02  -4.3881807e-01  -6.0900682e-01  -3.3109710e-01  -1.7557855e-01   5.6432027e-02   9.5842354e-02  -5.1826960e-01   3.7784956e-02  -7.1970016e-01  -5.6973445e-01
  -7.4961632e-01  -6.8159038e-01   1.8835157e-01  -8.1122643e-01   2.7982753e-02   2.4132219e-01  -9.9723287e-02  -3.7633988e-01   3.6067763e-01  -1.7402245e+00   1.1929965e+00  -6.4940047e-01   9.4283044e-02   2.3120044e-02  -4.2995080e-01  -9.3361455e-01
   2.8141093e-01  -5.1839787e-01   9.7112864e-01   4.1517106e-01  -8.2906079e-01   9.7901356e-01   1.1058228e+00  -4.6367977e-02  -1.0533395e+00   7.9112494e-01   3.5496560e-01  -1.0012038e+00   6.3776094e-01  -1.9756360e-01  -4.9862495e-01   3.2802597e-01
  -1.6721585e-01  -2.3500778e-01   1.4294653e+00   2.9837707e-01  -6.4684081e-01  -6.5741247e-01   9.4159365e-01   9.7081262e-01  -2.7745780e-01  -9.4388831e-01   1.2053212e+00   2.0669340e-01   5.9820867e-01   1.8268612e-01  -3.9521757e-01  -3.0640775e-01
  -6.2001413e-01   4.6911633e-01  -1.1698143e+00   2.5293273e-01  -5.1601332e-01  -7.2020441e-01  -1.1923903e-01   1.0551765e+00   1.2159047e+00   1.3075110e+00  -2.2125325e-01  -1.1822291e-01  -5.2773803e-01  -2.4817720e-01  -5.0329363e-01  -4.5403785e-01
  -3.7153864e-01   3.4294742e-01  -1.2376869e+00  -1.6125335e-01  -7.8144348e-01  -8.5706347e-01   4.6414715e-01   1.8965960e-01  -5.1612681e-01   7.9885989e-01   1.6170344e+00  -8.1353778e-01   2.6287308e-01  -1.7101341e-01   2.0673640e-01  -5.1726514e-01
  -8.4219491e-01  -4.7960931e-01  -1.1089293e+00  -4.0820849e-01   6.7052091e-03  -7.1411783e-01  -2.7052799e-01  -1.3001065e+00  -7.9072779e-01  -8.2989216e-01   4.4119522e-01   1.1250267e+00  -6.2812847e-01  -3.1770507e-01   1.6306551e-01   3.0736154e-01
  -5.3494406e-01  -1.3947593e+00  -4.4506285e-01   6.8551546e-01  -1.3523415e+00  -1.5371123e-01   3.0332652e-01  -1.2345705e-01  -4.3872103e-01  -6.5863246e-01   1.1917002e+00  -2.5615934e-01  -4.2530179e-01  -4.0499485e-01   1.6701087e-01  -8.0989587e-01
  -6.6797918e-01  -3.4388098e-01  -1.8596675e-01  -5.1220423e-01   1.6607597e-01   2.0116315e+00   8.7047052e-01   9.0039127e-02   2.6007719e-02   1.1956228e+00  -5.7064879e-01  -3.3865803e-01  -4.4018319e-01  -2.3752880e-01  -3.2757387e-01  -2.6559117e-01
  -9.8630470e-01   9.8438233e-02  -1.1324457e+00  -6.1323452e-01  -8.6771399e-02   3.4680513e-01   5.1089174e-01   2.7138001e-01  -3.8373554e-01  -4.4570073e-01   1.0938212e+00   1.0831904e+00   5.1606053e-01  -6.9363785e-01   7.1862996e-01  -9.5761812e-01
  -4.2904747e-01  -1.4111758e+00   2.6065713e-01   9.9984330e-01   6.4327461e-01   2.4109107e-01  -1.1124943e+00  -4.2005995e-01   1.0536182e+00  -1.1677933e-01   5.2328449e-01  -6.9768941e-01   4.7760931e-01  -2.6074636e-03  -8.6854470e-01   6.3385539e-02
   3.9967674e-01   2.8171137e-01  -5.6537453e-02   4.4279400e-01  -5.6795329e-02  -2.5640485e-01   1.6856148e+00   3.5868436e-01  -8.4094095e-01   6.6610646e-01   7.0142317e-01  -8.4342438e-01   1.6262807e-01  -1.0293229e+00   1.0240729e+00   1.8384008e-01
  -4.1565940e-01   1.5424009e-01  -1.0945698e+00   2.9401395e-01  -4.3983036e-01  -7.6417696e-01  -8.7458640e-01  -5.7250224e-02  -3.8582781e-01  -5.5453473e-01  -3.6484891e-01  -1.1449937e+00   4.6557432e-01  -8.6199856e-01  -4.9606231e-01   1.3663596e+00
   9.0422831e-02   4.5184371e-01  -2.4811973e-01  -8.7301707e-01  -2.3634045e-01   8.6499822e-01  -4.7250426e-01   7.1470416e-01  -1.6078365e-01   1.6998602e-01   1.3454105e+00   1.1270512e+00   1.3454883e+00   1.9233645e-01  -3.3720836e-01   5.7414007e-01
   8.3266521e-01   1.3577721e+00  -1.7394350e-01  -7.1408784e-01  -7.2848308e-01   1.0104407e-01   9.4142401e-01  -2.6963705e-01   1.7486731e+00  -8.1060482e-03   5.4827791e-02   1.5090674e-01  -6.5760933e-02  -2.3279057e-01   2.7438397e-02   5.2923977e-01
  -1.8442801e-01   8.9862984e-01   4.6488690e-01  -1.3352646e+00  -5.8848786e-01   1.0124756e+00   1.7189620e-01   2.5184435e-01  -5.0234511e-02  -1.0764568e-01   4.8699534e-01   4.5332134e-01  -6.1798793e-01  -1.2451844e+00   8.2362080e-01   7.9213744e-01
  -2.7126911e-01  -1.1083734e+00  -1.2359238e+00   6.4472318e-01   2.5952652e-01   5.6104060e-02   6.2696040e-02   1.1761153e+00   5.7679069e-01   6.8598133e-01   1.0462897e+00   3.7172413e-01   1.0166869e+00   2.5935601e-02  -3.6380491e-01   3.0696839e-01
   3.7316009e-01   6.6000056e-01   1.1624894e+00   2.5273371e-01  -8.6290538e-01  -9.2245448e-01  -1.1031537e+00   5.9604388e-01   3.7732056e-01   6.0460347e-01   1.7736277e-01  -3.2727113e-01  -1.3218466e+00  -4.8426214e-01  -4.2436132e-01   1.8384828e-01
   6.0037303e-01  -1.9390526e+00  -1.7551410e-01   1.1027709e+00  -7.0543021e-01   1.9301745e-01  -3.0342555e-01   3.2385227e-01  -2.9157406e-01   5.4850060e-01   1.3115322e-02   4.7548348e-01   8.5239708e-01   5.5804300e-01   2.4763419e-01  -4.3525249e-01
  -1.1026320e+00  -3.8140762e-01  -4.4496882e-01  -1.0921150e+00  -3.4575079e-02  -1.0597893e+00   9.4455498e-01  -1.3021508e+00   8.8240206e-02  -1.0924824e-01   4.3543872e-01  -7.2029918e-01  -3.1154555e-01   1.5346476e-01   9.3762964e-02  -8.2360566e-01
  -8.1288032e-02  -9.1819453e-01   2.7778214e-01   2.9660818e-01  -6.7972809e-01   1.4289519e+00  -2.2878082e-01   6.4179641e-01  -6.4092237e-01   4.3640816e-01   5.1360685e-01   4.5081428e-01  -8.2649684e-01   7.7535081e-01  -4.4112178e-03  -1.2901355e+00
  -8.0246919e-01  -9.0320694e-01  -1.1305624e-01  -1.1961707e+00   9.4296628e-01  -5.2631807e-01  -5.6584001e-01   2.4676237e-02  -5.0444413e-02   1.2167161e-01  -5.6375867e-01  -1.0979859e+00  -1.7812872e-01   1.1809071e+00  -2.6945451e-01   7.5501800e-01
   8.0274045e-01   6.4824337e-01  -1.2399588e+00  -1.4563253e+00  -4.3003610e-01  -4.8049453e-01  -4.2530599e-01  -8.2316840e-01  -1.7050985e-02  -9.3903893e-01  -2.4310364e-01  -3.0701977e-01   4.3604380e-01  -1.5793279e-01   7.2576678e-01   4.7481561e-01
   1.4699903e+00   8.3095473e-01  -2.6911923e-01   1.6381921e-01  -7.8989583e-01  -3.9359653e-01  -1.9080719e-01  -5.8292532e-01  -2.9615822e-01  -3.3167541e-01  -5.6282389e-01   5.7654852e-01  -1.5637679e+00  -6.5885246e-01   1.9433671e-01   3.6082938e-01
  -7.0109183e-01  -1.0324075e+00  -3.6679167e-01   9.4166374e-01  -1.3246124e-02  -8.1316984e-01  -7.9961425e-01  -8.9014031e-02  -3.6117330e-01   1.4967673e+00  -3.5164864e-03   1.2649995e+00   1.8222061e-01  -3.0289191e-01  -8.3075158e-02   9.8832369e-02
  -2.7959275e-01   4.1264495e-01  -1.0460643e+00  -6.2685138e-01  -7.7046591e-01  -4.9537298e-01   2.2918069e-01   1.0865915e+00  -1.1327169e+00   9.4285476e-01  -2.9544744e-01  -3.2025188e-01   2.0237197e-01  -4.8363534e-01  -1.2033799e+00   3.2755062e-01
  -6.1180228e-01  -2.9320997e-01   3.4398511e-02  -9.7766656e-01   6.5885717e-01  -3.2942329e-02  -6.1824173e-01   6.4054203e-01  -9.2944193e-01  -1.0943429e+00  -1.4789973e+00  -7.5789385e-02  -9.9337095e-01   1.9400616e-01  -1.8868349e-01   2.0090933e-01
   4.7473940e-01   1.3851964e+00  -6.2393433e-01  -5.6040917e-02   4.0248391e-01   1.1744642e+00   2.1202105e-01   1.0894490e+00   7.4858207e-01   6.0193002e-01  -3.3880660e-01  -4.2873988e-01  -3.1465280e-01  -5.5416012e-01   1.0309217e+00  -2.0408146e-03
   1.1587884e+00   1.0388058e+00  -7.9646039e-01   1.4223802e-01  -4.3030360e-01  -4.8985600e-01   3.3722681e-01  -5.4506296e-01  -1.1968958e+00   7.6688045e-01   6.4063609e-01   5.7423860e-02   7.5966918e-01  -8.6409664e-01  -5.2399352e-02   5.7156974e-01
   6.4401871e-01   1.9608565e-01  -4.7443137e-01  -4.2031527e-01   1.3322443e+00   3.9432496e-01  -8.8363278e-01  -1.1254753e-01   4.1887489e-01  -3.7355241e-01   6.1978763e-01   5.0898910e-01  -1.3041984e+00   5.8076525e-01  -1.1499182e+00   3.2009712e-01
   2.4999091e-01   1.5870517e+00  -1.0179732e+00  -7.1302211e-01  -1.0381355e+00   7.2206527e-01   3.5209957e-01  -4.9596387e-01  -6.5790457e-01  -4.0550083e-01  -5.7154335e-03  -3.2411116e-01  -7.1547383e-01  -2.7752763e-01  -7.8291398e-01  -2.8522843e-02
  -6.8499219e-01  -1.5342515e+00   4.3284681e-01  -8.8711327e-01  -8.2254142e-01  -4.7873002e-01   2.9801667e-01   6.3728416e-01   2.9140419e-01   3.5121539e-01   4.1339546e-01   6.6411138e-01   2.5949240e-01  -9.3014729e-01   1.0242276e+00  -8.3115976e-03
  -7.0088595e-02  -5.2007383e-01  -1.8819971e+00  -2.7714342e-01   5.6634516e-02  -2.4650434e-01  -3.0433890e-01  -1.4191508e+00   9.3632990e-01   8.7501064e-02  -2.3306127e-01   5.4112607e-01   2.6561368e-01   7.2401595e-01  -2.9310012e-01  -1.5212883e-01
  -9.9916077e-01  -1.3065839e-01  -7.5744623e-01  -1.2981015e-01   6.1869735e-01   7.0851177e-01  -2.4963640e-01  -1.1012207e+00   6.5357417e-01   7.5937390e-01   3.5962180e-04  -4.2181265e-01   6.0362363e-01   1.4584139e-01  -1.2238423e+00   1.0812470e+00
   6.3220538e-02  -9.7019130e-01   1.1881993e+00  -4.3312296e-01  -1.2517416e+00  -6.0773009e-01  -3.3337262e-01   4.2851210e-01   1.7467792e-01  -1.1128841e-01   2.1470258e-02   3.5647336e-01  -6.4923370e-01  -7.6474595e-01  -5.0076044e-01  -1.3404596e+00
  -3.2327825e-01  -3.3162332e-01   8.8876790e-01   1.1123637e+00  -1.2393943e+00   1.8855530e-01   5.7624888e-01  -5.2698177e-01  -2.9662502e-01   7.3276788e-01  -3.9968230e-02   1.1480265e+00   9.5481032e-01   1.0839409e-01  -8.3682466e-01  -9.2987798e-02
  -7.4389803e-01  -1.5079408e+00   3.7552884e-03   9.2613482e-01   1.4823429e-01   1.3045055e-03   4.6394876e-01  -2.6286083e-01  -1.8359779e-01  -4.5259702e-01  -5.9031062e-03  -1.1493559e+00  -8.7463669e-02  -3.7341282e-01   1.4873643e+00   2.9954457e-01
   8.1384492e-01  -1.3363791e-01  -6.1608269e-03  -1.6720370e+00  -3.6005658e-01  -3.9434648e-01  -4.8886171e-01   4.5772687e-01  -2.2185251e-01   3.8703737e-01  -8.7818526e-02   2.2073048e-01   8.3694756e-01  -1.3381249e+00  -4.6493292e-01   9.0979713e-01
  -7.9544371e-01  -1.0323035e-02   8.3797604e-01  -1.6942538e-01  -1.8411642e-01   8.6331671e-01  -9.8432803e-01   8.6494511e-01   5.8467352e-01  -2.5856033e-01   6.1651498e-01   1.3413786e-02   8.0696052e-01  -2.8880656e-01  -1.4633787e+00  -6.8917918e-01
   4.0447888e-01  -5.6394732e-01   1.0499707e+00   3.4201005e-01   4.2640615e-01  -4.9237385e-01   1.9680649e+00   1.0357374e-01  -7.2191447e-01   4.8256642e-01  -5.3299302e-01   2.7445081e-01  -4.4077060e-01   8.2284635e-01  -4.2893060e-02  -6.3723072e-02
   6.0974687e-01  -7.7449173e-01  -1.2986977e-01  -1.0597970e+00   1.8271884e-02   5.4170942e-01   7.9711568e-01  -1.4913508e+00  -5.5916768e-01   6.2047267e-01  -1.0366378e-01   8.0805117e-01  -7.9771060e-01  -6.3079745e-01  -3.6138397e-01   4.5698750e-01
   1.4203934e-01  -1.4868535e-01  -4.5377460e-01  -3.5596338e-01   5.3364420e-01  -1.5675844e-01   1.0338989e+00  -1.1488916e+00  -2.8788275e-01   5.0954503e-01   5.9190744e-01  -8.6567646e-01   6.2662458e-01  -1.2463852e+00  -1.1844448e+00  -3.6815912e-01
   3.5320461e-02  -5.4432505e-01   6.7149378e-02   1.0074630e+00  -3.9205134e-01   4.2643112e-01  -1.1147563e+00   4.6515402e-01   8.9596152e-01  -6.6595024e-01   1.2443973e+00  -4.8540553e-01  -7.0795655e-01   2.8535938e-01   4.8156824e-02  -1.1282921e+00
   8.5091841e-01   5.9195197e-01   2.9844522e-01  -1.8503141e-01  -8.5831171e-01   4.3318248e-03   1.3287932e-01  -1.4045569e-01  -4.9750504e-01  -5.2462405e-01   1.6146753e+00  -7.6041847e-01  -1.3204803e+00   3.6547470e-01  -3.6982071e-01  -5.5313712e-01
  -1.3210355e+00   2.0664361e-01  -3.8669026e-01   6.4430100e-01  -7.9923779e-01   1.4586852e-01   1.1116434e+00  -1.6109900e-01  -6.0409719e-01   8.2999915e-01  -5.4896998e-01  -1.2927109e+00  -4.3437040e-01  -6.0636163e-01  -2.2136369e-01  -3.0674410e-01
  -1.9403251e+00   2.2114043e-01  -7.5255036e-01   3.7980515e-01  -6.6516036e-01  -4.0454826e-01  -4.5125189e-01  -5.4714572e-01   6.6091144e-01   9.4587773e-02   9.4274938e-01  -2.4735932e-01   7.7291453e-01   1.2840372e-02   6.1092496e-01  -7.2504980e-03
   9.7629780e-01   1.0806129e+00  -1.7723171e-01  -6.8664497e-01   6.3936996e-01  -2.4117053e-01  -6.1217773e-01  -7.0595539e-01  -1.2742296e+00   1.1463389e+00  -6.2499243e-01  -2.2774935e-01  -2.0960818e-01   7.7829450e-02  -7.5880927e-01   1.7352018e-01
   9.2944431e-01  -2.2648113e-02  -2.6819374e-02   1.6012270e+00  -7.8238618e-01  -2.2099310e-01  -1.1616068e-01   5.9962791e-01   1.7122206e-01   1.1283967e+00   1.3030118e-01  -2.5626048e-01  -4.3120104e-01  -4.9098030e-02   7.4914807e-01  -1.1841240e+00
   6.8676382e-01  -5.5721188e-01  -8.2911742e-01  -1.0066591e-01   4.4491988e-01   2.2424981e-01  -6.0730016e-01   5.9727526e-01  -1.0085313e+00   7.5792789e-01   4.3483472e-01   4.6763778e-01   1.0101873e+00  -1.2722696e+00  -4.9302000e-01  -8.1543523e-01
  -7.8728992e-01   5.4426777e-01   2.7569163e-01   6.4559954e-01  -4.2339802e-01  -3.5765722e-01   6.6774344e-01   7.5691247e-01  -9.6564382e-02  -8.1589758e-01  -1.3156005e+00  -4.0626961e-01   8.3436716e-01   9.2189133e-01  -1.0408667e+00   2.5461757e-01
   2.6665366e-01  -1.6563644e+00   4.9395916e-01   2.6368576e-01  -7.6935357e-01   8.8836020e-01  -2.8851002e-01  -9.1287732e-02   3.8061491e-01  -1.4584839e-01  -4.9526546e-02  -4.6164468e-01   8.8811302e-01  -3.8703680e-01   7.0327783e-01   1.2586966e+00
  -5.7405484e-01  -1.2782853e+00   3.4381855e-01   4.7152951e-01  -5.1437187e-01  -2.4028397e-01  -4.2449215e-01  -1.7118877e-01  -1.3746484e-01  -1.7232012e+00  -8.2397509e-01  -5.6544745e-01  -5.4666311e-01  -5.8492541e-01  -7.3220104e-01   2.3949880e-05
  -7.5595364e-02  -1.1995037e+00  -9.0364224e-01   5.7257909e-01  -3.1339011e-01   2.2945388e-01  -7.1725774e-01   1.1609287e+00  -4.6381891e-01   3.3872193e-01   1.5960450e-01  -5.1417179e-02  -6.3759261e-01  -2.5885963e-01  -1.5497956e+00  -4.0571681e-01
   1.4793421e+00   9.8554194e-01   1.4404362e-01   5.9791458e-01  -6.5512633e-01  -8.1707525e-01  -1.1175076e-01  -1.1990615e-01   8.9766264e-01   4.3314299e-01   3.1762168e-01  -5.5722982e-02  -8.7582916e-02  -1.7049582e-01   1.4347095e+00   3.8184357e-01
  -4.9558203e-03   5.0852992e-02   2.9916972e-01   8.8453692e-01   1.0810473e+00  -9.9229500e-02   2.7180526e-01   2.1526571e-01  -3.0980951e-01  -2.7947056e-01   6.3971323e-01  -2.7061799e-01  -7.9404509e-01   9.7241528e-02  -1.9412879e+00  -8.7271988e-01
  -2.0784919e-01   1.1767711e-01   8.9581919e-01  -1.1445250e-01   8.0695385e-01   1.1052188e+00   1.9399278e-01  -6.2570685e-01  -1.2174326e-01   9.9665403e-01   6.8110675e-01   6.6027713e-01   5.3492767e-01   1.5093312e-01  -1.6104139e+00  -1.2312467e-01
   4.1778421e-01   1.4394828e+00  -5.8762771e-01   9.3119703e-02   7.3936361e-01   1.3521716e-01  -1.3743832e+00  -6.3410425e-01  -1.8631229e-01  -2.4949379e-01   5.7351512e-01  -1.4336301e-01  -8.9546502e-01  -7.7679843e-01   4.4437149e-01  -7.0302117e-01
   5.5300570e-01  -5.4754055e-01   2.4157031e-01   9.0209907e-01   9.5508955e-02  -7.2055839e-02   9.9078649e-01  -1.5803121e-02  -7.7411401e-01   1.4293932e+00   4.6978813e-02   6.1510491e-01  -1.1423184e-01  -1.2651045e+00  -8.1448239e-01  -4.7552511e-01
   1.7760952e+00   1.0492107e-01   5.6286001e-01   6.8435407e-01   5.6755878e-02   1.0820129e+00  -3.9713350e-01  -2.8986022e-01   7.2180814e-01   8.5082197e-01   5.9995902e-01  -1.2161786e-01  -8.0314589e-01   5.8714551e-01  -9.4677582e-02  -1.2338776e-01
  -4.3969629e-03  -4.2151481e-01   5.6835198e-01   1.6916473e-01   1.2797278e+00   1.7524375e-02   1.2804602e-01  -4.0640706e-01  -9.2611539e-01  -1.4918093e-01   1.8256500e+00  -2.0311166e-01   9.5283562e-01  -4.9836528e-01   4.6746558e-01   1.4868361e-01
   1.5172938e+00   2.6411539e-01   8.3811122e-01   1.2439923e+00   6.4424199e-01  -1.5372477e-01  -7.7746195e-01  -1.5967656e-02  -4.9094714e-02  -8.2664050e-02  -5.9092987e-01   3.2767482e-02   2.3242556e-01  -5.3166687e-01  -1.0657805e+00  -7.0897180e-01
   8.0228490e-01   1.0149102e+00   9.5841870e-02   1.4899446e+00  -1.2087142e+00  -7.5154012e-01   1.3545235e-01  -6.8666108e-02   8.6180991e-01   3.6403316e-01  -5.7003099e-01  -4.9251205e-01   1.7667218e-01  -1.4327960e-01  -7.2591597e-01   1.6393308e-01
   5.1679194e-01  -8.3369553e-01  -5.2682745e-01   4.3744707e-01  -1.7845844e+00  -5.9553599e-01   5.2035564e-01   8.4447962e-01   1.3105871e-01   5.8070141e-01   1.2625131e-01   4.7586969e-01   1.9175678e-01  -1.0243852e+00  -5.9376585e-01  -1.0087608e-01
   2.1167958e-01  -2.6745856e-01  -1.0995945e+00   8.7395185e-01  -1.2997804e+00  -7.8004974e-01  -5.8650948e-02  -4.6405557e-01   2.9278380e-01   4.4329605e-01   1.7614470e-01  -2.3332283e-01   1.1017917e+00  -1.4008723e-01   6.6884273e-01   1.1599326e+00
  -1.4323317e+00  -4.9580961e-01   7.0972800e-01   6.4097035e-01   3.8013551e-02   5.4186743e-01  -1.5996695e-02   1.8383497e-01   9.7309446e-01   6.2964082e-01   3.2881337e-01   2.4162388e-01   1.0353367e+00  -1.1869106e+00  -2.9681304e-01   6.1667383e-01
  -5.6787223e-01  -3.1950262e-01   5.5961353e-01  -7.9292399e-01   4.8560208e-01  -5.6460804e-01  -5.6727666e-01  -5.7643909e-02  -1.5959652e-01   2.2836463e+00   1.6666883e-01   2.3516105e-02  -4.3119374e-01  -4.6324706e-01  -2.3864926e-01  -1.6584067e-01
  -2.3445870e-01  -9.3771756e-01   1.9234858e-01   2.2350401e-01  -9.9261385e-01   1.3632511e-03   7.4061126e-01  -3.9498651e-01   4.3807375e-01  -8.0070728e-01  -5.8752578e-01   5.4508634e-03   1.3071200e+00  -1.1986138e+00  -9.6494770e-01   1.8531419e-01
  -1.1193404e+00  -1.0713297e+00   2.2186819e-02  -6.5309989e-01  -8.8133198e-01  -2.4044499e-01   1.8096818e-01  -1.0832019e+00  -3.4631842e-01   2.8570774e-01  -1.2755767e-01  -5.7674146e-01   3.4174278e-01  -7.8577352e-01  -1.2306154e-01   1.3534480e+00
  -4.3807343e-01   1.9595444e-01   6.0861957e-01   1.6281742e-01  -9.2025578e-01   1.3109438e+00  -3.0808395e-01   5.2436250e-01   7.8448939e-01   7.0414984e-01   1.3308461e-01  -5.0383127e-01  -1.6365571e+00   5.3644145e-01  -1.1042148e-01   2.7633357e-01
   6.1587459e-01  -1.2211835e+00   1.6338244e-01   3.9743727e-01  -2.6702553e-01  -9.7514910e-01  -1.0139649e-01   5.6358504e-01  -2.9772097e-01  -3.8665304e-01   1.8534420e-01  -1.1245427e+00   1.3386083e+00  -1.6531694e-01   6.0509908e-01  -9.3391496e-01
  -2.7655527e-01  -1.1349961e+00  -5.1915473e-01   5.5483842e-01  -2.7573636e-02  -3.1887785e-01   1.1895966e-01   1.0168170e+00  -8.8032609e-01  -4.7668996e-01  -4.8269933e-01   7.8386742e-01   9.0158826e-01  -8.2459700e-01   1.2509602e+00   6.7408900e-03
   4.5253572e-01   5.5010080e-01  -5.7426912e-01  -3.6278257e-01  -5.6230628e-01  -3.2014671e-01  -1.7360660e-01   1.3466903e+00   4.2678890e-01  -1.2468300e+00   4.7712091e-01   1.0785410e+00   9.3818486e-01   2.2515167e-01   6.5693969e-01  -5.2794355e-01
  -7.6650895e-02  -9.3421036e-01   9.1345876e-01  -3.2391849e-01  -8.3747500e-01   2.7324015e-02  -3.8021979e-01   5.4373217e-01  -6.9870377e-01   6.9483417e-01   1.3730661e+00   3.1959382e-01   3.9935103e-01  -4.9710765e-01  -9.3311119e-01   8.9665836e-01
   6.5978760e-01  -6.8449873e-01   1.1528466e+00   3.0351713e-01   3.6735362e-01   5.7370245e-01  -3.7985635e-01  -8.1861228e-01  -5.6662202e-02   2.9403937e-01   5.3572905e-01  -4.8272842e-01   6.0620826e-01  -1.6804377e+00  -7.6404828e-01   1.0785743e-01
  -4.9115881e-01  -7.1917975e-01  -6.3377619e-01   1.0721300e+00  -6.4159930e-01  -1.4400263e+00   1.0314356e-02  -8.1053340e-01  -7.2063214e-01   3.6985874e-01   1.2436765e-01  -1.8883878e-01  -4.8956096e-01   7.7250999e-01   8.0688387e-01  -5.9436959e-01
   1.5613066e-01  -7.6259464e-01  -9.0422235e-02   6.2937528e-01  -7.1995127e-01   1.8369669e-01  -1.0935267e+00   1.1508075e+00  -1.0027402e-01   3.2310742e-01  -6.3168503e-02  -8.7600976e-01   1.2452670e+00   5.1485080e-01  -9.0279037e-01   6.3318324e-01
  -7.8109509e-01  -4.5079291e-01  -6.5037537e-01   1.1364878e-01  -3.4576902e-01   8.5994744e-01  -1.1907290e+00  -1.2694934e-01  -3.9863357e-01   6.4916503e-01  -5.8486968e-01   5.9634912e-01   1.4573712e+00   2.8646350e-01  -3.5524285e-01  -9.2061657e-01
  -7.3864686e-01  -3.4732670e-01  -4.4758406e-01   2.5140354e-01   7.4172342e-01  -1.0177249e+00  -4.3301556e-01  -1.9175132e-01   6.7335713e-01   1.8028659e-01  -5.4781681e-01  -9.4349605e-01   6.7323649e-01   8.5645348e-01   1.5370194e+00   1.8615137e-01
   8.3420090e-02  -2.8147759e-02  -6.6155946e-01   3.0328372e-01  -2.2456090e-01  -1.3456935e+00   3.8394308e-01  -6.5101469e-01   1.2662983e-01   6.3823450e-01   9.2541456e-02  -3.0276713e-01  -1.1024213e+00  -1.4788151e+00  -1.6893169e-02   1.0506823e+00
   4.8916820e-01   3.8530472e-01  -3.7515849e-01   2.0655380e-01  -1.7551689e+00  -3.5048686e-02  -9.8421913e-01  -3.9445239e-01   8.6983806e-01   3.4431525e-02   1.0744854e+00  -5.8842212e-01  -5.1540619e-01   1.2575318e-01  -3.0826229e-01   7.6659876e-01
   6.2545151e-01  -5.1537144e-01   1.4670173e+00  -1.3424824e+00  -4.5463511e-01   8.9545304e-01   3.1782129e-01   2.6747173e-01   4.1551828e-01   4.6493617e-01  -3.0090949e-01   3.3454698e-01   6.1070818e-01  -3.6473456e-01  -6.0318065e-01  -8.6406678e-01
   2.2696012e-01   4.1290942e-01  -9.1553211e-01   3.3678639e-01   2.8661117e-01   9.2927283e-01   4.8103830e-01  -2.7470529e-02   2.7268833e-01  -1.1815791e+00  -2.8842929e-01  -2.2682963e-01   2.8393298e-01  -1.2123454e+00  -1.5505716e+00  -2.9786116e-01
  -2.5119889e-01   1.8711479e-01  -7.9038101e-01   3.9102337e-01  -1.5400146e+00  -1.3459134e-01   2.2090805e-01  -1.3660659e+00  -7.5672865e-01   4.5347640e-01   8.0381233e-01  -2.2711102e-03   3.3695629e-01  -3.2753676e-02  -1.1260595e+00   1.1211064e-01
   5.1714528e-01   9.8292130e-01   2.8540024e-01   1.5439422e-01  -5.2736574e-01   8.9745522e-02  -2.1802586e-01   1.7461138e+00   5.3704917e-02  -7.8142606e-02   9.9989784e-01  -9.4900005e-02   4.8792854e-01  -9.4028717e-01  -4.6522719e-01  -9.6024734e-01
  -5.1639616e-01   4.7043583e-01  -4.8427831e-02   5.3162819e-01  -7.5872529e-01  -4.5666623e-01  -5.1952136e-01  -3.1535399e-01  -3.9000413e-01   4.0277129e-01   8.7306166e-01   1.0897051e+00   1.1134187e+00  -1.2921958e+00   9.1371316e-01   2.5520271e-01
  -1.2746651e+00   8.3578867e-01  -6.4063787e-01   2.4997249e-02  -2.4371351e-01   4.5217618e-01  -5.9266758e-01   8.4819186e-01  -8.4656954e-01   7.6876271e-01   4.9154660e-01  -1.0323834e+00   2.6455054e-01   6.1585277e-01   2.7228901e-01   8.9027381e-01
   1.8389094e-01   5.4971039e-01  -4.9046853e-01  -3.1626239e-01  -1.3574275e+00   5.7078052e-01   8.0275154e-01   1.3052162e+00  -4.3930307e-02   5.4228175e-01  -2.5398100e-02  -8.5794342e-01   1.0477078e+00   7.0924723e-01   3.6088261e-01  -2.0820594e-01
  -1.0838705e+00   3.1993741e-01  -7.5973338e-01  -2.0905694e-01  -2.8625891e-01  -7.6126069e-01  -1.2983741e+00   7.9121840e-01   5.5766702e-02   3.7657160e-01   5.1044476e-01  -1.7703706e-01  -1.5309927e+00  -1.0689597e-01   5.6536746e-01   1.2993975e-01
  -5.3752655e-01   2.8676602e-01  -1.1852749e-01   4.5412156e-01   1.1186640e-01  -1.2480156e+00  -7.4743730e-01   1.0391112e-01   1.3534405e+00  -1.1834059e+00  -5.9621513e-01  -8.1283718e-01   6.7385919e-02  -4.3559480e-01  -7.4748051e-01  -5.1730025e-01
   7.5542790e-01   4.3656600e-01   9.5194422e-02  -1.0113232e-01  -4.1586185e-01   6.7618859e-01  -8.0814254e-01  -1.2906970e-01   1.0517447e+00  -1.0957122e+00  -4.7979128e-01  -5.6464726e-01  -1.4345394e+00   2.4306561e-01   8.0411315e-01  -5.4787147e-01
  -6.6414112e-01  -2.5444245e-01  -3.2545399e-02  -3.3339858e-01   9.5950687e-01   2.4569958e-01  -9.2684340e-01   5.1057667e-01  -5.3780138e-01  -1.0936596e-01   1.5186236e+00  -1.2628200e+00   8.9244749e-03   2.3990743e-02  -9.9419528e-01   3.0001685e-01
   4.6317104e-01   1.0935640e+00   4.7260872e-01  -1.0970037e+00  -9.5352426e-02  -4.5839089e-01  -2.0799072e-01  -2.6538479e-01   9.8519892e-01   1.7827550e-02   1.3858693e+00   9.0694165e-01  -9.7710574e-01  -6.6077337e-02   2.0352826e-01  -3.3951977e-01
  -4.9904430e-01  -2.1166554e-01   1.3488737e-01   1.2162727e+00   1.7848597e-01   1.8598610e+00  -5.4282355e-01   2.3598100e-01  -2.7204588e-01   7.2186458e-01   6.0718024e-01  -7.5457931e-01   1.8202832e-01   2.1166185e-01  -6.8253845e-01   5.3889257e-01
  -1.2780514e+00   4.4558677e-01   1.0868473e+00   1.1388611e+00  -4.5545390e-03  -1.5151763e-02  -4.7676742e-01  -1.6930749e-01   1.3190722e-01  -5.9039986e-01   3.2584065e-01   1.5674895e+00  -8.2339689e-02   2.8834587e-01  -3.6436057e-01   5.3077662e-01
  -2.7351791e-01  -4.6854436e-01  -1.1093862e+00  -1.5400352e+00  -7.3030078e-01  -1.4223392e-01   5.3726310e-01  -1.2561300e-01   4.8567122e-03   9.1981554e-01  -7.8035504e-01   1.0671930e-01  -4.3047771e-01  -1.0783743e+00   6.1104643e-01   2.3916537e-01
   1.5168223e-01  -3.6671025e-01   1.0129915e+00  -8.4323138e-01   1.6231829e-01  -2.8757504e-01  -6.0052454e-01   3.2209092e-01  -1.5699788e+00  -7.2411859e-01   1.0621589e+00   7.8937018e-01  -5.8385181e-01  -5.6516182e-01   1.2573251e-01   3.3961573e-01
   3.5055903e-01  -9.8965979e-01  -9.2168754e-01  -5.1674116e-01  -4.3437824e-02  -6.6085207e-01  -5.4632193e-01   4.5595232e-01  -1.1242445e+00   5.1742774e-01   8.5053033e-01   1.7702539e-02   7.0455801e-01   1.3108453e+00  -6.0324275e-01   4.6799134e-02
   2.3051205e-01   1.8745902e-01  -3.1532282e-01  -8.7823933e-01   8.5785347e-01  -2.4143194e-01  -6.3739896e-01  -8.4446597e-01  -6.6627926e-01  -9.1628715e-02   1.1051984e+00  -7.6786339e-01  -2.9903534e-01   3.8732323e-01  -5.9861326e-01  -1.5053926e+00
  -4.4284049e-01   6.0866889e-02   1.6646518e-01   2.1869247e-01  -4.5603001e-01  -7.1241754e-01  -4.0542713e-01   1.3294737e+00  -7.8863478e-01   9.2826158e-01  -2.4902599e-02   4.0452233e-01  -4.8700565e-01  -1.7538017e+00   2.7115417e-01  -2.0708779e-01
   1.1964257e+00  -4.3600890e-01  -4.7862643e-01   5.0938225e-01   1.5703383e-01   4.1476023e-01  -1.1023920e+00  -1.6702152e+00   5.1559544e-01  -3.6638477e-01  -4.8445057e-02  -7.3300093e-01  -6.8109626e-01  -3.8161579e-01  -3.6476231e-01   7.7772982e-02
  -2.8999791e-02   5.0699610e-01  -5.1430178e-01   3.8987449e-01   1.0497302e-01   6.8338209e-01  -5.1497716e-01  -3.4792849e-01   1.0603374e+00   3.6867699e-01   6.3043499e-01   2.0621806e-01   1.6011266e+00   1.1778859e+00  -8.8047034e-01  -1.8670426e-01
  -5.8611733e-01   4.9714464e-01  -5.4904133e-01   7.6754832e-01  -6.8409538e-01  -3.6939028e-01   2.8803093e-02   5.9323305e-01  -6.9993889e-01   8.5353541e-01   1.1018687e-01  -5.9268409e-01  -1.4960359e+00   9.2524421e-01  -2.6290309e-01  -9.0353531e-01
  -1.0940334e+00  -1.7287131e-01   1.4807330e-01   5.2827215e-01  -6.9561291e-01  -5.1713336e-01  -1.7900077e-01   3.6289650e-01  -1.0689636e+00  -3.4377542e-01   7.8529559e-02  -9.1909254e-01   4.2554364e-01  -4.8046201e-02  -1.2827928e+00  -1.2713983e+00
  -1.3469754e-01  -2.3307723e-01   3.4954631e-01   1.1189684e+00   6.7386174e-01   3.8397785e-02   7.3394549e-01   1.6152723e+00  -5.9994954e-01  -1.3587446e+00  -4.3613446e-01   1.0415861e-01  -9.5189050e-02   5.7284296e-01   2.1161588e-01  -4.0091735e-01
   2.0349288e-01   8.0321485e-01  -4.1276646e-01   4.6533510e-02  -6.8452877e-01   1.9417420e-01   1.0316949e+00   6.5346964e-02   3.7039834e-01   6.0208565e-01  -4.4208452e-02  -2.0139776e-02   1.2890313e+00  -5.3338742e-01  -1.4591167e+00   9.9436426e-01
   9.4953132e-01   3.0111673e-01   6.9570524e-01  -2.6794103e-01  -6.3363999e-02   6.2900823e-01  -1.1953149e+00   6.2411642e-01   3.0620542e-01   1.0071541e+00  -1.0001963e+00   4.6710929e-01  -8.0396801e-01   6.5028554e-01  -2.3225713e-01  -8.8547850e-01
   3.3955997e-01  -3.3858886e-01  -7.0287180e-01   4.4982445e-01  -2.4416003e-01  -9.0326384e-02  -4.0923181e-01   1.6528647e-01   4.4318414e-01   1.5874757e+00   4.4106567e-01  -1.0713403e+00   3.5377082e-01  -1.2593689e+00  -7.2780061e-01   7.1516770e-01
  -1.1337467e+00   7.9002512e-01   8.5396230e-02  -2.5829384e-03   1.3136269e-01   2.1225840e-01  -2.1591775e-01  -3.4828681e-01   4.3278754e-01   1.4844425e-01   5.5511904e-01  -4.8484498e-01  -8.5303289e-01  -9.5463318e-01  -3.3023414e-01  -1.8309364e+00
   3.1026155e-01   9.9141562e-01  -1.1498444e+00   4.5534340e-01   3.9108428e-01   3.9959896e-01   1.0851895e-03  -2.6371884e-01   9.2790174e-01  -1.2129160e+00   1.4351302e+00   6.6775990e-01  -8.0664791e-02  -3.9299330e-01  -8.5813552e-02  -5.6532230e-02
  -1.1897016e+00  -1.4172366e-01   8.3080465e-01   7.5796378e-01  -1.4571089e-01  -1.1572229e+00   1.9576566e-01   6.5941930e-01  -5.7705903e-01   1.1180972e+00   7.7781416e-02  -1.1702902e+00   2.5061473e-01  -1.0176327e-01   2.3751698e-01   6.1471826e-01
   4.9129987e-01   1.2655982e+00  -2.3134312e-01  -3.0701345e-01  -3.7204427e-01  -1.3233106e+00  -1.9779818e-01   8.2180309e-01  -9.2494321e-01  -9.8586762e-01  -8.6668801e-01   1.7058216e-03  -1.1048764e-01  -2.3518758e-01  -8.5090750e-01   1.8677630e-01
   8.8318698e-02  -1.2596617e+00   3.7565389e-01   6.3743752e-01  -7.6084375e-01  -4.1605136e-01   2.6397184e-01  -3.3738351e-01   4.7048759e-01   1.6007378e+00  -2.2574343e-01   9.9392734e-02  -7.9298484e-01   9.7106379e-01  -5.8936411e-01  -3.9852345e-01
   1.4961521e-01   3.2325381e-01   8.9565533e-01   1.3900915e+00  -1.2366873e+00  -4.3650922e-01   2.4043210e-01   4.4634533e-01  -1.3597806e-01  -9.6578485e-01   3.3344901e-01  -9.7789294e-01  -5.2290422e-01   8.0320692e-01   4.5362788e-01  -1.3623498e-01
  -1.0921389e+00   7.0410812e-01  -6.7040503e-01   5.1920843e-01   1.9639042e-01  -4.5531136e-01  -3.2754681e-01   6.4469039e-01   1.6504043e+00  -3.0940694e-01  -3.7785214e-01  -1.1952135e-01  -2.8474191e-01   5.6368548e-02   6.7226654e-01   1.1449153e+00
   8.6710244e-01   9.2144036e-01   1.0310706e-01   7.4741167e-01  -5.2048826e-01  -1.1358057e+00  -4.0513133e-03  -6.6442984e-01  -1.4206682e+00  -1.2544772e-01   2.7813295e-02   6.0506845e-01   2.0844766e-01   6.4793414e-01  -5.8267814e-01  -7.8973329e-01
   4.9551013e-01  -1.0824213e+00   1.0377432e+00   2.4705827e-01   2.1420071e-02   6.7054832e-01   7.1899593e-01  -3.4445587e-01   2.2881460e-01  -8.0606937e-01   4.6413139e-01   3.0167407e-01  -7.6938695e-01   8.9120293e-01  -1.4013958e+00  -2.3420261e-02
   1.7973552e+00  -2.7511328e-02  -4.3099585e-01  -1.7005882e-01  -4.8040012e-01  -2.4265949e-01  -4.2729229e-01   8.2423627e-01   8.3793068e-01   9.0103859e-01   3.1648508e-01  -1.7559701e-01   8.1080234e-01   7.2991985e-01  -7.2529542e-01   2.0306855e-01
  -2.7199638e-01   8.3131927e-01  -5.1023448e-01  -1.2565374e+00   4.9495953e-01  -4.5198071e-01   3.5668734e-01  -5.2231546e-02  -4.8787543e-01  -2.8312868e-01   8.8121653e-01  -9.8227817e-01  -6.6070646e-01   1.4387902e+00  -3.5913208e-01   3.4821230e-01
   2.0887938e-01  -4.1800269e-01   8.4478922e-02   4.5278740e-01   7.6190896e-02  -5.0990069e-01   6.0188341e-01   5.3109396e-01   6.2510383e-01   7.8749144e-01   1.1301619e+00   9.5642877e-01   1.7745551e-01  -1.4132229e+00   3.1269163e-01   1.1532462e+00
   4.1181740e-01  -7.7644855e-01  -7.2977024e-01  -7.0617372e-01  -5.5324459e-01  -1.3156016e-01  -6.8672949e-01  -8.3360963e-02   1.1987540e+00   8.4653176e-02  -4.6257266e-01   1.5093499e+00   1.0094908e+00  -6.4089769e-01   1.2003531e-01  -1.1763167e-01
  -1.5108130e+00  -1.9088513e-01  -1.7561594e-01  -1.1334348e+00  -1.6069277e-01   2.8131676e-01  -1.4824170e+00   5.2837753e-01   1.0516160e-01   1.9570272e-01   8.9849472e-02   8.6176306e-01   6.7597747e-01  -4.2769119e-02   5.7835829e-01   4.3640414e-01
  -2.4441095e-01  -3.8015011e-01   1.3312729e-01   6.7426610e-01   4.2342642e-01   9.6073073e-01   5.1552880e-01  -1.1058220e+00   1.4212006e-01   4.6902075e-02   3.4191474e-01  -1.0445435e+00   1.7061760e+00  -2.0140854e-01   4.7724730e-01   5.6810510e-01
   1.6890350e-01  -1.5306298e+00  -5.1866293e-01   2.3201269e-01  -7.4923635e-02  -4.7451577e-01   6.6595614e-01  -1.2861884e+00   5.8766621e-01  -8.6127424e-01   4.1023660e-01   5.5405730e-01   8.3505553e-01  -7.2639801e-02   8.4373963e-01   1.8393921e-02
  -4.9921352e-01   8.7711681e-03  -1.1302948e+00  -1.1555485e-02   1.0121036e+00  -2.4361596e-01  -7.4567688e-01  -1.0965158e+00   3.4910879e-01  -1.4000862e+00   3.6038691e-01  -3.6353591e-01   1.0359623e+00   9.2712805e-02  -2.2364652e-01   3.9362299e-01
  -1.7861407e-01   1.0286379e-01  -5.6005758e-01   3.5641342e-01  -2.7692086e-01  -8.5070491e-01  -3.1255263e-01   4.9972042e-02  -1.2717903e+00  -6.9547683e-01   1.1465738e+00   2.2746409e-01  -1.1974752e+00   1.2230092e-01  -1.2311380e+00   4.2911106e-01
  -1.2715788e+00  -6.6293234e-01   3.4097961e-01   2.1827109e-01   8.4503734e-01  -1.4048109e+00  -1.2885778e-01  -8.6263812e-01   6.5861428e-01   8.0003315e-01  -7.8957647e-01  -2.9934064e-01  -1.6265268e-02  -5.1150370e-01  -5.1325542e-01  -1.3847515e-01
   3.7659541e-01   1.3549861e-01   5.5751109e-01   2.2974047e-01  -3.2885614e-01  -4.9249175e-01  -1.6520205e+00  -3.7402555e-01   6.2270135e-01   1.0003090e+00   9.9491976e-02   3.8502667e-02   4.3814924e-01   2.2213225e-01  -1.6074399e+00   1.7753656e-01
   1.1370860e+00  -4.6575838e-01   5.9980214e-01  -5.2109683e-01  -5.4116511e-01  -4.8719385e-01   1.3241491e-01  -5.1139987e-01   8.0770314e-02  -9.7827122e-02   1.3184875e+00   1.2597317e+00   9.0214729e-01  -8.6986381e-01  -3.2809684e-01  -1.7294763e-01
   8.9940584e-01  -4.5702904e-01   1.8452048e-01   4.1065174e-01  -2.8707010e-01  -3.4521389e-01   1.0910891e+00  -4.6709839e-01   1.6376339e-01   6.4273626e-01  -9.1826934e-01  -1.1629295e+00   8.1165117e-01   1.2578702e+00   3.3514416e-01   4.2471573e-01
  -1.3538643e-02   4.1275451e-01  -7.9429579e-01  -3.4040874e-01  -7.1593434e-02  -1.9875242e-01   6.3944733e-01  -3.5941708e-01  -2.0204182e-01  -6.7048866e-01   1.4261952e-01  -1.9254377e+00  -6.8377978e-01  -1.2514728e+00   1.5281925e-01   4.7417945e-01
   7.8561112e-02   4.5084661e-01  -5.2741140e-01   7.9361546e-01  -8.9523889e-02   8.6389536e-01  -5.1964200e-01  -1.0790282e-01  -2.3636797e-01   1.8758485e+00   3.1356317e-01   1.3087943e-01  -1.1955597e+00  -8.0646682e-01   1.5934816e-01  -2.2650659e-01
  -1.0393839e-01   5.1965708e-01   3.3235902e-01   4.3201953e-01   6.7930883e-01   8.8701683e-01   7.9784758e-02   8.7982261e-01   9.6561700e-01  -5.4495329e-01   1.0531446e+00   9.8350191e-01  -5.6031567e-01   1.0656941e+00   5.7547861e-01   5.5382735e-01
  -1.0454342e+00   4.9839640e-01  -1.6033772e-01  -5.3762335e-02  -6.7629164e-01   1.1731566e-01   1.6075565e-01  -5.7669324e-01   1.7026502e+00  -6.1768508e-01  -1.3272130e-01   1.4790829e+00  -2.7812862e-01   2.7829814e-01  -1.2892218e-01  -3.7846887e-01
   1.1600010e+00  -4.5753375e-01  -3.5769808e-01   9.7074978e-02   2.1332277e-01   2.3101327e-01   1.3334262e+00   5.9808844e-01   8.1471932e-01  -2.3389551e-01   6.4930022e-01  -4.4660735e-01  -1.1339421e-01  -1.1884623e+00  -8.6545652e-01   7.4782461e-01
   5.1047987e-01   1.8838952e-01   7.7043468e-01   2.0109281e-01  -7.5551026e-02  -2.6740813e-01  -7.8589571e-01  -7.2281724e-01  -1.2094409e+00   1.2195739e+00   1.4022412e+00  -7.7402323e-01   6.3655712e-02   4.2944849e-01  -3.0719674e-01   2.3292118e-01
  -1.4983323e-01  -2.4026819e-01   1.2571034e+00  -4.2138207e-01  -8.2667834e-01   4.5019969e-01   7.1642858e-01   7.8610331e-01   5.1535630e-01   5.7837081e-01  -4.2404124e-01   2.6234460e-01  -3.3707890e-01  -6.7097199e-01  -1.2387074e+00   1.0943862e+00
  -6.8855304e-01  -2.8774980e-01   9.1606808e-01  -3.3667791e-01   1.0758778e-01   3.0909064e-01   1.7540857e-01   4.9591172e-01  -8.1034762e-01  -9.8758000e-01   4.7165367e-01  -1.6162099e+00   6.6813487e-01  -6.7265081e-01   3.1998476e-01   7.9933232e-01
  -5.3991222e-01  -2.4303268e-01  -9.9583417e-01   7.6342803e-01   2.8678387e-01  -9.8157036e-01   5.7049584e-01   6.9811028e-01   1.8792787e-01   7.2399032e-01  -5.1559359e-01  -3.2834569e-01   3.6659282e-01   1.3900700e+00  -3.3422571e-01   1.0511209e+00
  -1.1435300e-01  -9.6882015e-01  -3.2054842e-01  -6.8842471e-01  -1.3327354e+00   8.6056936e-01  -6.3807076e-01   7.8629386e-01   2.2229591e-01  -5.4589510e-01   6.1372161e-01  -2.6259142e-01   9.9151558e-01   1.0025727e-01   4.0998569e-01  -9.8752558e-01
   5.1120895e-01   2.2970730e-01  -4.9850922e-02   1.8253133e-01   2.1126149e-02   1.1721313e+00  -6.2041998e-01  -5.2115804e-01   1.4750507e+00   3.6636621e-01  -1.0172156e+00   1.6867535e-01   7.9798025e-01  -8.9622068e-01  -8.6884487e-01   2.2622658e-01
   7.1042567e-01  -2.8455070e-01  -2.8806660e-01   1.8500687e-01  -9.1317749e-01   4.3521202e-01  -2.8229019e-01   1.2105737e-01  -3.4653044e-01  -6.7896076e-02   1.2852838e+00  -7.6863021e-01  -2.5142261e-01  -1.9239811e+00   1.6005775e-01  -1.4661358e-01
  -6.3888621e-01  -4.7708607e-01   2.3297043e-01  -7.2019225e-01  -5.8229679e-01   9.6712327e-01   8.1962496e-01   4.3669838e-02  -9.7283012e-01   6.5709248e-02  -1.2392435e+00   1.0699035e+00  -1.1314374e-01  -5.9988809e-01   5.3635406e-01  -7.4276143e-01
   8.1058621e-01  -5.3562987e-01   6.6243637e-01  -3.7622032e-01   6.8267494e-01   8.9390624e-01   3.8762262e-01   1.0040837e-01  -3.1805046e-02   5.9518665e-01   6.3166356e-01  -1.5257407e+00  -1.1069896e+00  -5.4110837e-01  -5.3426677e-01  -4.0550342e-01
  -1.0197612e+00   7.1628399e-02  -6.2501705e-01  -1.0299307e-01   1.5229793e-01   1.7338252e-01  -6.3379431e-01   1.9654704e+00  -1.1431524e-01  -9.4324952e-01  -3.7432370e-01  -4.8278570e-01   3.4656249e-02  -8.5357279e-01  -4.4575119e-01  -1.7665677e-01
   1.0366510e+00  -6.1147451e-01   8.3836478e-01   8.0406763e-02  -1.3679447e+00   7.0081614e-02   3.9498508e-01  -9.9204981e-01   6.1072278e-01   4.1161707e-01   5.4103595e-01   7.3762666e-03  -1.1261890e+00  -7.3228043e-01  -4.2285070e-01   8.5141577e-02
  -5.3002918e-01   6.8144155e-01   1.0536678e+00   2.2748674e-01   3.6249477e-01   6.2535174e-02   1.5577416e+00   7.5084823e-01   6.6060925e-01   7.0263004e-01   1.0692441e+00  -2.4319491e-01  -6.4836198e-01   3.0684420e-01   5.5139738e-01  -1.2652603e-01
  -7.0012242e-01  -5.7412511e-01  -3.7496973e-02   9.9358761e-01   5.1551718e-01  -1.3320023e+00  -3.9758265e-01   3.5779154e-01  -2.0690992e-01  -4.6864724e-01   1.6081810e+00  -5.7736832e-01   3.1199741e-01   2.9189208e-01   2.5240887e-02  -7.0731187e-01
  -1.7425282e-01  -1.2279645e-01  -2.7352899e-01   7.3085367e-03  -9.4927555e-01  -3.9620945e-01   9.1148478e-01  -4.1567510e-01   6.2028450e-01   1.2656641e-01   2.6312923e-01   7.1147956e-02  -4.6814847e-01  -1.6507063e+00   1.1976501e+00  -9.8211980e-01
   6.4827186e-01   1.4997035e-01  -6.0792107e-02  -3.7005287e-01  -5.0819451e-01   4.9129531e-01  -5.4666853e-01   8.1324232e-01   1.2241118e-01  -6.9136804e-01  -8.2820141e-01  -8.9628941e-01  -1.3303599e+00  -1.2383016e+00  -7.5694376e-01   3.1358531e-01
  -6.5102541e-01   1.0466894e-01  -4.3236008e-01   1.5955758e+00   5.9893900e-01   4.2197394e-01   1.5337381e-01  -2.9987109e-01  -1.3874170e+00   2.9994490e-02   1.2588434e-01   9.2217195e-01   1.1395731e+00  -1.7902091e-01   3.6767967e-02  -2.4099109e-01
   7.0447612e-01   5.4936177e-01  -1.2322912e+00   4.6533883e-02  -6.2874919e-01   4.6326002e-01   6.1931914e-01   8.4839302e-01  -8.2119656e-01   8.8859785e-01   6.8171525e-01   6.8154514e-01   1.4714732e-02   5.6239194e-01  -6.2669635e-01  -9.3031555e-01
   8.6471272e-01  -7.6057261e-01  -2.6243520e-01   2.8237462e-01   1.1522437e+00   4.7394848e-01  -2.5629166e-01   1.1910919e+00   1.0608469e+00   1.6489607e-01  -5.6209671e-01  -4.3310645e-01   1.2420496e-01   1.4571761e-01  -7.3277617e-01   1.1219505e+00
   4.8301578e-01   4.1664717e-01  -5.6882131e-01  -1.4138002e+00  -3.2164153e-01  -2.2215474e-01  -1.8475116e+00   5.2952224e-01  -5.5832110e-02  -1.5776199e-01   4.1191480e-01  -4.4738084e-01  -4.4605473e-01   7.0583630e-01  -4.1706404e-01  -3.9404571e-01
  -9.0385705e-01  -6.9071460e-01  -5.6482148e-01   9.3823546e-01  -7.7763009e-01   2.1506311e-01  -7.9662877e-01   1.0986075e+00   5.4897279e-01   5.4907674e-01   4.3791351e-01  -6.5576905e-01   1.5098585e-01  -7.0874900e-01   1.0619825e+00   3.6951655e-01
   7.0634621e-01  -7.2305101e-01   4.8270617e-02  -8.1723702e-01  -1.0596664e+00  -4.6333316e-01   6.3810736e-01  -2.3134281e-01   9.8653960e-01   6.5360290e-01   1.1052825e+00  -8.6114742e-02  -1.3193408e-01   1.5831742e-01   9.8031253e-01   9.3637055e-01
