   1.2777417e+00  -3.3579415e-01  -5.0241524e-01  -7.9056907e-01   1.5532576e-01   7.9697943e-01  -3.1665301e-01  -3.4860867e-01   7.9592414e-02  -3.4706673e-01  -1.2740324e+00   8.6379993e-01
   1.0927093e+00   7.0225310e-01  -4.8181316e-01   7.6049721e-01  -1.5785611e-01   5.1220334e-01  -5.7594258e-01  -2.0972824e-01  -4.4658178e-01  -1.6376828e-01   2.3759341e-01   1.5989542e+00
  -1.2164772e+00  -3.0172053e-01  -1.9250743e-02  -4.6355906e-01  -4.2503247e-01   5.8735067e-01   8.5845536e-01  -6.4311884e-02   1.4315356e+00  -6.4075512e-01  -6.9309765e-01   8.3246678e-02
   2.6255581e-01   4.1303274e-01  -3.1959817e-02   1.8416223e-01  -1.4425704e+00   1.1839899e+00  -3.4820870e-01   1.6409561e-01  -1.0176544e+00  -8.6877060e-01  -4.9132368e-01   2.5046358e-01
   1.0764543e+00  -4.7554079e-01   1.1696893e-01  -6.6044927e-02  -1.4854599e+00   1.6031931e-01  -2.5362957e-01   3.0633292e-01   3.9963135e-01   4.8541807e-02   1.2399126e+00  -7.1215022e-01
   1.3338433e-01  -7.0298648e-01  -7.6817393e-01   4.6122935e-01  -9.4303054e-01   6.2695867e-01   3.2605875e-01  -5.2231860e-01   2.9634827e-01  -1.3589113e+00   9.7207886e-01   3.7984180e-01
   5.8239275e-01   1.2480837e+00  -7.7315384e-01   4.3548030e-01  -4.6541137e-01  -3.1882101e-01   7.9898250e-01   2.2912446e-01  -1.1492745e+00  -5.7848221e-01  -8.0410802e-01   6.7137145e-02
   3.9680773e-01  -1.4292903e+00  -7.0557483e-02   2.9832467e-01   3.3858356e-01  -4.0979174e-01  -1.1507486e+00   2.0698458e-01  -6.9364965e-01  -3.1447288e-01  -9.7050494e-01   7.3084968e-01
   1.8889794e-01   1.6588208e-01   4.6824470e-02  -4.7612351e-01  -9.2955589e-01  -9.9821009e-02  -1.1038226e+00  -9.2228347e-01  -9.2351264e-01   1.6691065e-01   1.1561906e+00   7.3982030e-01
  -3.1475982e-01  -4.3718448e-01   1.4035130e+00  -1.6438329e-01   7.3022097e-01  -4.0639657e-01  -5.3288859e-01  -9.8339832e-01  -3.1929189e-01  -5.7308930e-01  -6.3216799e-01  -9.6617138e-01
   1.1923101e+00  -5.3696090e-01   8.8825536e-01  -4.5115301e-01  -5.2918392e-01  -2.3410466e-01   1.7356892e-01  -8.7731785e-01   6.5537208e-01  -1.1452692e+00   2.5257552e-01  -5.9827399e-01
  -1.2466279e+00   1.0935213e-01  -1.2366586e-01   1.2099315e+00   8.9829153e-01  -3.7726608e-01  -1.8839060e-01  -1.0199580e-01  -1.8671790e-01  -7.8846586e-01  -3.3861625e-01  -1.0901281e+00
  -7.1075660e-01   8.9940602e-01  -5.5950904e-01  -6.4695247e-02  -1.2910465e+00  -1.2114064e+00  -3.9663902e-01   3.1256381e-01  -2.4161157e-01  -3.5525554e-01  -3.6112127e-01   8.1507206e-01
   1.1749256e+00  -4.6265247e-01   8.3705717e-01   7.8603083e-01  -6.5120137e-01   9.6152000e-02  -4.1895181e-02  -6.9502228e-01  -3.8396934e-01   3.4820408e-01  -1.2419803e+00  -5.9806359e-01
  -2.2615476e-02  -1.2662405e+00  -4.0256828e-02  -1.2253940e+00  -6.5746284e-01  -3.7153265e-01   2.0094246e-01  -1.1558006e+00   5.4110038e-01   5.2621942e-02  -6.9334441e-01  -4.1240889e-01
   1.1464317e+00  -8.4290266e-01   1.0333761e+00   4.4011489e-01  -1.5743817e-01   1.0676193e+00  -8.4992731e-01  -7.4577886e-01   3.4042624e-01  -5.8024600e-02   2.0701531e-01   3.2919562e-01
  -4.0452069e-01  -1.3756174e+00  -8.8256377e-01   9.4316566e-01   5.6377953e-01  -1.4011185e-01   6.5715271e-01  -4.5917162e-01  -5.3417045e-01  -6.3010067e-01  -5.7199681e-01   5.3464651e-01
   6.7741287e-01   6.0223907e-01   6.2212616e-01  -1.2997741e-01  -6.7548317e-01   7.2782797e-01  -9.6007323e-01  -6.3385539e-02   1.0827160e-01  -7.3352182e-01  -5.8850437e-01  -1.4023554e+00
  -4.1497129e-01  -6.5275604e-01   5.0593770e-01  -6.6613096e-01   1.9473830e-01   3.8831064e-01  -1.3029130e+00  -1.9723658e-01  -3.5518523e-02  -1.0200773e+00   3.8563234e-01   1.2594761e+00
   3.5330993e-01  -2.0796572e-01   9.3116730e-02   3.7125356e-02   5.2412260e-01   1.1136212e+00  -2.8433755e-01   6.0258615e-01  -1.1024694e+00  -5.8923048e-01   1.5111073e+00   1.3031594e-01
   2.6022252e-01  -1.6246268e+00  -4.6843150e-01  -8.2908863e-01  -2.0781119e-01  -3.8112754e-01   4.0745205e-01   4.5192939e-01  -4.9884069e-01  -7.0909309e-01   3.3238319e-01  -9.8245728e-01
   3.6467947e-02  -1.8863308e-01  -1.5771171e+00   2.3036809e-01  -8.7767220e-01  -3.6937997e-01   1.1289771e+00   2.5372159e-01   1.9816801e-01  -5.8925837e-01   3.0651164e-01  -8.3460277e-01
   8.6766243e-02   6.6243982e-01   1.7121737e+00   1.3984917e-01  -2.1473168e-01  -4.2157221e-01  -2.6438879e-02  -3.1396174e-01  -1.5785012e-01  -9.3853259e-01   1.1569018e+00  -1.8778491e-01
   4.2958236e-01  -2.3888671e-01   1.4870723e+00  -1.6013288e-01  -2.9819274e-01  -7.0997763e-01  -5.2497971e-01   1.3063706e-01   9.3464994e-01   6.5215117e-01  -3.7987077e-01  -1.0920328e+00
  -2.0540884e-01  -8.2466811e-01   1.3961539e+00  -5.9677875e-01   1.8637054e-01  -9.0314639e-01   5.1347923e-01   3.5142708e-01  -2.7563545e-01  -2.5653431e-01   2.7547887e-01   1.2317050e+00
   4.6041709e-01   1.5010692e-01  -5.3245115e-01  -9.7327608e-01   6.0213464e-01  -1.0369908e+00  -4.0591499e-01   1.3507330e-01  -2.8304991e-01  -1.9587588e-01   4.3914336e-01   1.6132125e+00
   9.3922198e-02   8.8333301e-02  -3.6337984e-01   2.2165926e-01   1.2614707e+00   9.5636672e-01   1.2554902e+00  -2.9606864e-01  -1.0868143e+00  -1.6568817e-01  -4.9761373e-01  -4.1964710e-01
  -1.0447885e+00   9.3429673e-01  -5.4405433e-01  -5.9470689e-01   5.6020308e-01   9.8366153e-01  -8.0802381e-02  -1.2143947e+00  -4.5125696e-01   6.2258905e-01   1.5911756e-01  -8.1037551e-02
   6.1381955e-02  -3.9607430e-01   9.3615413e-02  -2.2597282e-01  -3.5420528e-01  -7.8612894e-01   6.0772079e-01  -1.8458728e+00  -2.6648533e-01  -5.3699082e-01   7.0463675e-01   6.3530385e-01
  -2.4527532e-01   2.3315917e-01   4.8235193e-01  -4.0901687e-02   9.8433867e-02   1.6612825e-01   6.2237751e-01  -1.1217914e+00  -6.6093040e-01   9.1373044e-01  -1.3313425e-01   1.6366508e+00
  -1.8226461e-01   1.3819230e+00   1.0717195e+00   6.4902678e-02  -1.0812204e+00   2.6764929e-01   6.8789333e-01   3.0828285e-01  -6.0013086e-01   3.5914981e-01   2.7064592e-01   7.3004782e-01
   8.0216312e-01   4.5302391e-01   4.9515036e-01  -3.9656386e-01  -4.7033224e-01  -2.9877063e-02   9.1038728e-01  -9.0041280e-01  -1.1998314e+00  -7.6650459e-01  -3.4089169e-01  -8.6248577e-01
  -3.7041610e-01  -2.3549753e-01   1.0115901e-02  -4.3327844e-01   3.4930497e-01  -1.2731239e-01   7.5857359e-01  -2.6979882e-01  -1.3498683e+00   3.7544736e-01   9.5887333e-01  -1.3966064e+00
  -6.6120517e-01  -6.5225786e-01   6.6469774e-02   1.1215022e-01  -1.1110721e+00  -1.6303819e-02   8.6602449e-01  -1.0064878e+00   7.2469676e-01   2.0615782e-01   1.0865740e+00  -6.1178339e-01
  -5.0219197e-02  -4.2767873e-01   1.7308068e+00   8.1773561e-01  -1.5184069e-01   6.0170954e-01   3.2104266e-01  -5.7987064e-01  -3.2607895e-01   9.5144254e-01   5.0608867e-01  -2.4096046e-01
  -1.7767321e-01  -4.3887258e-01  -9.8597926e-01   5.7786131e-01  -4.6877056e-01  -1.4429651e+00  -2.7809921e-01  -1.0062047e+00  -4.3609542e-01  -3.4265602e-01  -6.0394460e-01  -6.3696313e-01
  -5.1886153e-01  -1.5434574e+00   2.7610180e-01  -1.8977718e-01   6.0834712e-01   9.6395075e-01  -1.4618604e-01  -4.8657462e-01   1.5064856e-02  -2.5542965e-02  -1.2953695e+00   3.4387133e-04
   4.1853461e-01  -7.8211468e-01   1.1967252e+00   5.3088725e-01   3.2723341e-02   8.6022395e-01   6.2981468e-01   8.3818591e-01   7.8301467e-02  -1.1870230e+00   1.8481056e-01  -4.5776132e-01
   5.0150096e-01  -5.1461494e-01   2.9870963e-01  -1.6959393e+00   5.0157702e-01   9.7518629e-01   4.0409467e-01  -2.2892886e-01  -4.6650922e-01  -3.4021652e-01  -5.7499671e-01  -6.6027462e-01
   1.4910312e-01  -1.7556825e-01   5.2955145e-01   6.8456721e-01  -7.2754478e-01   8.7104952e-01   1.0959547e+00   7.3092169e-01  -1.0449008e-01   1.3124561e+00  -5.3426898e-01   3.9442685e-01
   1.9374985e-01  -9.7033769e-01  -7.1127129e-01  -2.1905693e-01  -5.6123000e-01   6.8710011e-01  -2.7617866e-01   6.2543261e-01  -1.2813660e+00   8.4683907e-01   7.4329227e-01  -5.4860586e-01
  -3.5322875e-01  -3.1732407e-01  -7.2032785e-01  -5.8273929e-01  -5.7077497e-01  -9.0195991e-02  -5.2844244e-01  -1.1908200e+00  -6.2480545e-01  -4.2238283e-01  -7.7046072e-01   1.3124237e+00
   6.8471920e-01  -4.7861196e-02   6.2334184e-02   1.7070161e-02   5.2087867e-01   8.0262214e-01  -8.9886743e-01  -6.4553571e-01  -1.3757339e+00  -9.3380117e-01  -7.4130708e-01  -2.6520035e-01
  -4.1663429e-01   8.8197701e-02   8.1172472e-01  -2.5820857e-01  -1.2387211e+00  -1.8120795e-01   4.8480985e-01  -6.0025740e-01  -7.4442416e-01   1.1108049e+00  -6.6638750e-01  -8.3565921e-01
   7.0703036e-01  -1.3543712e-01   3.4858069e-01  -2.2092427e-01  -4.3629587e-01  -1.2904342e+00  -6.1090156e-02  -8.0600363e-01   3.7642947e-01   1.3141932e+00   8.8860267e-01   3.7958133e-01
  -1.2671267e+00  -5.6511372e-01   5.1348335e-01   6.2912637e-01   9.7242713e-02  -7.4102759e-01  -5.5052978e-01  -3.9838487e-01   2.2497958e-01  -2.9294565e-01  -6.9602728e-01   1.3320333e+00
  -4.5549282e-01  -6.2214953e-01  -1.0363863e-01  -1.1167051e+00   1.1577644e+00  -1.7184468e-01   5.2616018e-01   1.1047865e+00  -4.1237804e-01  -6.7315406e-01  -7.8152531e-01   2.1532528e-01
   1.3285129e-01  -1.2499340e+00  -1.6595609e-01   5.6036657e-01  -6.8907112e-01   2.8979099e-01  -8.2955384e-01  -7.4192196e-01   9.6017820e-01  -9.5902640e-01  -6.6206974e-01  -3.2356750e-02
  -1.0922872e+00  -6.2817633e-01   1.0672487e+00   6.6495076e-02   9.0039515e-01  -5.0897240e-03   1.1472821e+00  -9.5145768e-01   4.3214715e-01  -2.0709129e-01  -3.9971163e-03  -8.3319552e-02
   5.6105924e-01  -3.4102511e-01  -7.3921221e-01   1.6414571e+00   2.9578960e-01   3.8952686e-02  -1.4346361e-01   7.9081649e-01  -6.5652764e-01   6.5915722e-01  -8.5158396e-01  -4.9034871e-02
  -1.5602118e+00   2.1786486e-01  -6.9625221e-02   6.8376072e-02  -2.6003614e-01   7.9133898e-02  -7.1304095e-01  -8.4471804e-01  -8.2954335e-01  -1.2011374e+00   2.8532723e-01   2.4702020e-02
  -1.3624452e+00   3.4952050e-01   2.4772026e-01   3.3971247e-01  -5.4229724e-01  -7.0310697e-02   1.7370746e+00  -4.8789620e-01  -3.5659537e-01   3.2796863e-01   1.1647612e-02   2.3547590e-01
  -3.9505300e-01   4.8745283e-01   2.0235065e-01  -7.5683510e-01   6.5813464e-01  -9.5803648e-01   1.0209419e+00  -1.1343125e+00  -6.6324532e-01   4.2215160e-01  -6.8510860e-01  -4.7448412e-01
   7.2596985e-01   3.9683449e-01   3.6068422e-01  -1.1759083e+00   6.1871201e-01   7.3985338e-01  -1.1948068e+00  -8.0327934e-01  -2.7500841e-01  -9.0673663e-02   7.2603458e-01  -4.3433827e-01
  -5.9326160e-01   1.9783461e-01  -2.2887951e-01   5.2472681e-01  -1.2927110e-01   3.3668453e-01   6.3254201e-01  -1.1379563e-01  -2.5020885e-01   1.8233823e+00   1.1558875e+00   1.2102750e-01
  -6.2365836e-01   8.7824535e-01  -1.2765993e-02   2.1952941e-01  -4.3169010e-01  -5.3394273e-02   6.3771063e-01   6.9998062e-01  -8.4650648e-01  -1.5413802e+00   7.6348525e-01  -1.7374702e-01
   1.0868868e+00   6.2529433e-01   3.0356222e-01  -6.6912240e-01   1.1974549e-02   3.3431578e-01  -4.7237751e-01  -8.4911400e-01  -1.1038922e+00   9.9788123e-01  -7.0181197e-01   3.5338148e-01
  -2.1016680e-02   4.0339917e-01  -1.1486607e+00  -9.4147265e-01  -7.8165007e-01   3.7316960e-01   9.2969871e-01  -6.6550910e-01  -1.0204612e+00   7.2532153e-01  -2.5207775e-02   7.4111439e-02
   6.8759072e-01  -1.4803796e-01  -1.3377371e-03  -6.5599442e-01   1.1445811e+00  -7.4943346e-01   8.1021947e-01  -2.2774000e-01   3.8120180e-01  -8.5727710e-01  -1.1209293e-01  -1.2657534e+00
   2.7472702e-01  -4.9855718e-01   8.4589756e-01   1.0711633e+00  -3.3073580e-01  -7.2739804e-01   5.9795958e-01  -4.1190746e-01  -7.3819268e-01  -1.3180414e+00  -3.0878371e-01   5.1942825e-01
  -4.9761274e-01  -2.6319975e-01   2.7781853e-01  -7.1794635e-01  -1.7333058e+00  -5.1488703e-01   8.0765164e-01   1.8905364e-02  -5.7666433e-01  -6.7109144e-01   6.2084961e-01   1.1478115e-03
   8.2070822e-01  -1.0499752e+00   1.2561196e+00  -6.5494204e-01   2.4487540e-01   4.0160155e-01   8.9730069e-02   4.5383078e-01   9.1251028e-01  -1.7585389e-01  -8.2461566e-01   4.8821354e-01
   1.8405302e-01  -1.4144164e+00   1.8756042e-01   4.9855959e-01   2.6554437e-02  -7.6489300e-01  -6.6911089e-01  -2.7362311e-01  -2.1719491e-01   6.7548305e-01   6.3847601e-01  -1.2893261e+00
  -9.9867994e-01  -9.5568889e-01   8.1802619e-01   2.1675857e-02  -8.6346501e-01  -1.2204044e-01  -9.3036085e-01  -1.2402391e+00  -1.5694259e-01   4.4326368e-01  -1.9448873e-02   1.8422621e-01
